floor,meters,zone,xiaoqu,directon,area,house_name,region,house_price
低楼层（6层）,59㎡,2室1厅1卫,高井,南 北        ,石景山,整租·高井2室1厅南/北,石景山其它,3300
中楼层（15层）,65㎡,1室1厅1卫,水岸温泉,南        ,海淀,整租·水岸温泉1室1厅南,海淀北部新区,4000
高楼层（4层）,56㎡,2室1厅1卫,富强西里,南 北        ,大兴,整租·富强西里2室1厅南/北,黄村中,3400
中楼层（16层）,47㎡,1室1厅1卫,西坝河北里,南        ,朝阳,整租·西坝河北里1室1厅南,西坝河,6000
中楼层（9层）,27㎡,1室1厅1卫,旭辉26街区,北        ,顺义,整租·旭辉26街区1室1厅北,顺义其它,3300
高楼层（5层）,41㎡,2室1厅1卫,古城特钢楼,东 西        ,石景山,整租·古城特钢楼2室1厅东/西,古城,3400
中楼层（6层）,55㎡,2室1厅1卫,大井东里,南        ,丰台,整租·大井东里2室1厅南,岳各庄,4500
中楼层（6层）,31㎡,2房间1卫,西山国际城,南        ,海淀,整租·西山国际城2房间跃层南,田村,4000
低楼层（6层）,46㎡,1室1厅1卫,枣园小区,南        ,大兴,整租·枣园小区1室1厅南,枣园,3300
低楼层（21层）,63㎡,1室1厅1卫,世纪东方城,西        ,朝阳,整租·世纪东方城1室1厅西,欢乐谷,5800
中楼层（4层）,27㎡,1室1厅1卫,八角路小区,南        ,石景山,整租·八角路小区1室1厅南,八角,2600
低楼层（5层）,54㎡,2室1厅1卫,翠微路2号院,南        ,海淀,整租·翠微路2号院2室1厅南,公主坟,6000
低楼层（6层）,52㎡,2室1厅1卫,电车厂宿舍,南        ,海淀,整租·电车厂宿舍2室1厅南,新街口,3000
中楼层（17层）,15㎡,3室1厅1卫,车道沟南里,西南        ,海淀,整租·车道沟南里3室1厅西南,紫竹桥,3500
高楼层（4层）,27㎡,1室1厅1卫,古城路小区,南        ,石景山,整租·古城路小区1室1厅南,古城,3400
高楼层（27层）,47㎡,1室0厅1卫,城华园,北        ,海淀,整租·城华园1室0厅北,学院路,6000
中楼层（12层）,67㎡,2房间1卫,i立方,东        ,大兴,整租·i立方2房间东,大兴其它,3000
高楼层（15层）,50㎡,1室1厅1卫,欣葆家园二区,南 北        ,丰台,整租·欣葆家园二区1室1厅南/北,科技园区,4000
低楼层（5层）,48㎡,2室1厅1卫,玉泉路16号院,南        ,海淀,整租·玉泉路16号院2室1厅南,玉泉路,5000
高楼层（21层）,89㎡,3室1厅1卫,金隅景和园,南 北        ,朝阳,整租·金隅景和园3室1厅南/北,东坝,5700
低楼层（13层）,23㎡,1房间1卫,7克拉,西        ,丰台,整租·7克拉1房间西,马家堡,3500
高楼层（16层）,43㎡,1室1厅1卫,安华西里社区,南        ,朝阳,整租·安华西里社区1室1厅南,安贞,5600
中楼层（18层）,50㎡,1室1厅1卫,石佛营东里小区,东南        ,朝阳,整租·石佛营东里小区1室1厅东南,石佛营,4300
低楼层（6层）,54㎡,2室1厅1卫,六营门小区,南        ,丰台,整租·六营门小区2室1厅南,旧宫,3600
低楼层（10层）,76㎡,2室2厅1卫,汇鸿家园,南 北        ,朝阳,整租·汇鸿家园2室2厅南/北,管庄,5500
低楼层（14层）,55㎡,2房间1卫,风格景园,北        ,丰台,整租·风格景园2房间北,西罗园,4700
低楼层（6层）,95㎡,2室1厅1卫,福怡苑,南 北        ,朝阳,整租·福怡苑2室1厅南/北,定福庄,5300
低楼层（1层）,16㎡,1室1厅0卫,桃条胡同,北        ,东城,整租·桃条胡同1室1厅北,交道口,4500
低楼层（6层）,58㎡,2室1厅1卫,永乐西区,南 北        ,石景山,整租·永乐西区2室1厅南/北,鲁谷,4000
中楼层（6层）,78㎡,2室1厅1卫,中泽家园,南 北        ,通州,整租·中泽家园2室1厅南/北,九棵树(家乐福),3600
低楼层（6层）,45㎡,1室1厅1卫,前泥洼小区,南        ,丰台,整租·前泥洼小区1室1厅南,丽泽,4400
高楼层（6层）,74㎡,2室1厅1卫,朝阳新城三区,东        ,朝阳,整租·朝阳新城三区2室1厅东,东坝,5000
中楼层（22层）,71㎡,2室1厅1卫,苗圃东里,西 北        ,丰台,整租·苗圃东里2室1厅西/北,赵公口,4400
低楼层（6层）,59㎡,2室1厅1卫,慧忠里,南 北        ,朝阳,整租·慧忠里2室1厅南/北,亚运村,5500
高楼层（22层）,92㎡,2室1厅1卫,中建雅颂居,东        ,通州,整租·中建雅颂居2室1厅东,潞苑,3400
中楼层（6层）,47㎡,1房间1卫,金地朗悦YOYO派,北        ,房山,整租·金地朗悦YOYO派1房间北,长阳,2600
高楼层（6层）,61㎡,1室1厅1卫,滨河小区,南 北        ,顺义,整租·滨河小区1室1厅南/北,顺义城,2800
高楼层（6层）,57㎡,2室1厅1卫,万源南里,南 北        ,丰台,整租·万源南里2室1厅南/北,旧宫,3500
中楼层（6层）,59㎡,2室1厅1卫,六营门小区,南 北        ,丰台,整租·六营门小区2室1厅南/北,旧宫,3900
中楼层（11层）,58㎡,2室2厅1卫,东平里,东南        ,朝阳,整租·东平里2室2厅东南,首都机场,3400
高楼层（18层）,47㎡,1室1厅1卫,农光里,南        ,朝阳,整租·农光里1室1厅南,劲松,4700
高楼层（6层）,84㎡,2室1厅1卫,石园南区,南 北        ,顺义,整租·石园南区2室1厅南/北,顺义城,3200
中楼层（6层）,70㎡,3室1厅1卫,苗圃宿舍家属楼,南 北        ,海淀,整租·苗圃宿舍家属楼3室1厅南/北,五棵松,5500
高楼层（7层）,68㎡,2室1厅1卫,福怡苑,南        ,朝阳,整租·福怡苑2室1厅南,定福庄,5200
高楼层（6层）,58㎡,1室1厅1卫,轮胎厂宿舍,南 北        ,海淀,整租·轮胎厂宿舍1室1厅南/北,西三旗,4300
高楼层（14层）,47㎡,1室1厅1卫,石门营新区四区,南        ,门头沟,整租·石门营新区四区1室1厅南,石门营,2400
高楼层（6层）,42㎡,1室1厅1卫,安贞西里,南 北        ,朝阳,整租·安贞西里1室1厅南/北,安贞,6000
高楼层（11层）,41㎡,1室1厅1卫,新奥洋房,东        ,东城,整租·新奥洋房1室1厅东,永定门,5200
中楼层（16层）,50㎡,1室1厅1卫,朝丰家园,南        ,朝阳,整租·朝丰家园1室1厅南,豆各庄,3700
中楼层（10层）,46㎡,1室1厅1卫,柳浪家园南里,南        ,海淀,整租·柳浪家园南里1室1厅南,马连洼,4900
中楼层（6层）,43㎡,1室1厅1卫,幸福东区,南 北        ,顺义,整租·幸福东区1室1厅南/北,顺义城,3200
高楼层（6层）,60㎡,2室1厅1卫,吕营嘉园C区,南 北        ,朝阳,整租·吕营嘉园C区2室1厅南/北,十里河,5000
中楼层（16层）,45㎡,1室1厅1卫,前门东大街,西        ,东城,整租·前门东大街1室1厅西,崇文门,6000
高楼层（6层）,47㎡,1室1厅1卫,南顶村,南        ,丰台,整租·南顶村1室1厅南,赵公口,3800
高楼层（12层）,50㎡,1室0厅1卫,久居雅园,北        ,通州,整租·久居雅园1室0厅北,临河里,3200
高楼层（21层）,48㎡,1室1厅1卫,御景春天,南        ,丰台,整租·御景春天1室1厅南,科技园区,4400
高楼层（6层）,58㎡,1室1厅1卫,甘露园南里,南        ,朝阳,整租·甘露园南里1室1厅南,甘露园,4500
中楼层（18层）,53㎡,2室0厅1卫,百合园,西        ,丰台,整租·百合园2室0厅西,右安门外,4500
高楼层（12层）,39㎡,1室0厅1卫,亦庄北岸,西        ,大兴,整租·亦庄北岸1室0厅西,旧宫,3300
低楼层（6层）,60㎡,2室1厅1卫,石榴园北里小区,南 北        ,丰台,整租·石榴园北里小区2室1厅南/北,刘家窑,4700
中楼层（11层）,27㎡,2房间1卫,7克拉,西        ,丰台,整租·7克拉2房间复式西,马家堡,4100
低楼层（6层）,41㎡,1室1厅1卫,慈云寺,南        ,朝阳,整租·慈云寺1室1厅南,红庙,4800
低楼层（6层）,52㎡,2室1厅1卫,磨房北里,南 北        ,朝阳,整租·磨房北里2室1厅南/北,北工大,5000
中楼层（7层）,48㎡,1室1厅1卫,名佳花园一区,南        ,昌平,整租·名佳花园一区1室1厅南,北七家,3200
低楼层（13层）,23㎡,1房间1卫,7克拉,西        ,丰台,整租·7克拉1房间西,马家堡,3600
低楼层（15层）,80㎡,2室1厅1卫,蓝桥驿苑,南 北        ,大兴,整租·蓝桥驿苑2室1厅南/北,大兴其它,2800
高楼层（6层）,15㎡,1室1厅1卫,五建小区,南        ,朝阳,整租·五建小区1室1厅南,定福庄,2500
低楼层（22层）,90㎡,2室1厅1卫,大方居,东        ,通州,整租·大方居2室1厅东,九棵树(家乐福),3500
高楼层（5层）,26㎡,1室0厅1卫,八角南路,东        ,石景山,整租·八角南路1室0厅东,八角,2000
低楼层（18层）,51㎡,1室1厅1卫,车站西街17号院,南        ,西城,整租·车站西街17号院1室1厅南,广安门,5000
低楼层（6层）,33㎡,1室1厅1卫,永乐东区,南        ,石景山,整租·永乐东区1室1厅南,鲁谷,3900
中楼层（6层）,47㎡,1室1厅1卫,西罗园四区,南 北        ,丰台,整租·西罗园四区1室1厅南/北,西罗园,4200
中楼层（13层）,34㎡,1室0厅1卫,新裕家园,北        ,东城,整租·新裕家园1室0厅北,崇文门,5500
中楼层（9层）,38㎡,1房间1卫,东亚首航国际,北        ,顺义,整租·东亚首航国际1房间北,顺义其它,2500
地下室（6层）,40㎡,1室1厅1卫,安慧东里,西南        ,朝阳,整租·安慧东里1室1厅西南,亚运村小营,5500
高楼层（18层）,41㎡,1室1厅1卫,工体南路,北        ,朝阳,整租·工体南路1室1厅北,东大桥,6000
低楼层（24层）,47㎡,1室1厅1卫,远中悦麒,西        ,丰台,整租·远中悦麒1室1厅西,木樨园,4000
中楼层（6层）,35㎡,1室1厅1卫,胜古南里,南        ,朝阳,整租·胜古南里1室1厅南,惠新西街,5300
中楼层（7层）,69㎡,2室1厅1卫,康家园,南 北        ,朝阳,整租·康家园2室1厅南/北,甘露园,5500
中楼层（6层）,60㎡,2室1厅1卫,东关北里小区,南        ,昌平,整租·东关北里小区2室1厅南,东关,3300
低楼层（8层）,47㎡,1室0厅1卫,柳浪家园北里,西        ,海淀,整租·柳浪家园北里1室0厅西,马连洼,5000
中楼层（24层）,59㎡,1室1厅1卫,芍药居北里,北        ,朝阳,整租·芍药居北里1室1厅北,芍药居,5300
低楼层（24层）,64㎡,2室1厅1卫,芍药居北里,北        ,朝阳,整租·芍药居北里2室1厅北,芍药居,6000
低楼层（28层）,60㎡,1室1厅1卫,弘善家园,南        ,朝阳,整租·弘善家园1室1厅南,潘家园,5500
高楼层（10层）,57㎡,1室1厅1卫,双河北里,南        ,大兴,整租·双河北里1室1厅南,黄村中,3000
高楼层（12层）,50㎡,1室0厅1卫,久居雅园,北        ,通州,整租·久居雅园1室0厅北,临河里,3200
高楼层（6层）,58㎡,2室1厅1卫,梅园,南        ,海淀,整租·梅园2室1厅南,马连洼,6000
高楼层（18层）,69㎡,2室1厅1卫,盛嘉华苑,南        ,大兴,整租·盛嘉华苑2室1厅南,大兴其它,3300
中楼层（27层）,60㎡,1室1厅1卫,泰福苑D2区,南        ,朝阳,整租·泰福苑D2区1室1厅南,定福庄,5000
高楼层（6层）,74㎡,2室1厅1卫,三合南里,东 西        ,大兴,整租·三合南里2室1厅东/西,黄村中,2500
低楼层（12层）,66㎡,1室1厅1卫,上东上层,东 北        ,朝阳,整租·上东上层1室1厅东/北,东坝,5300
高楼层（4层）,20㎡,1室0厅1卫,古城路小区,南        ,石景山,整租·古城路小区1室0厅南,古城,2400
高楼层（5层）,63㎡,2室1厅1卫,建新南区,南 北        ,顺义,整租·建新南区2室1厅南/北,顺义城,3000
中楼层（6层）,42㎡,1室1厅1卫,四合巷小区,南        ,房山,整租·四合巷小区1室1厅南,良乡,2200
高楼层（6层）,62㎡,2室1厅1卫,酒仙桥十街坊,南        ,朝阳,整租·酒仙桥十街坊2室1厅南,酒仙桥,5500
高楼层（4层）,48㎡,2室1厅1卫,葛村西里,南 北        ,丰台,整租·葛村西里2室1厅南/北,玉泉营,4500
中楼层（5层）,57㎡,2室1厅1卫,建新北区,南 北        ,顺义,整租·建新北区2室1厅南/北,顺义城,3300
高楼层（5层）,52㎡,2室1厅1卫,建新北区,南 北        ,顺义,整租·建新北区2室1厅南/北,顺义城,2700
高楼层（7层）,104㎡,2室1厅2卫,新潮嘉园二期,南 北        ,通州,整租·新潮嘉园二期2室1厅南/北,潞苑,3500
中楼层（11层）,59㎡,1室0厅1卫,月亮城堡,南        ,通州,整租·月亮城堡1室0厅南,武夷花园,3300
高楼层（18层）,36㎡,1室0厅1卫,北街家园八区,西        ,昌平,整租·北街家园八区1室0厅西,沙河,2600
低楼层（5层）,52㎡,1室1厅1卫,伟业嘉园西里,南        ,房山,整租·伟业嘉园西里1室1厅南,良乡,2300
中楼层（6层）,55㎡,2室1厅1卫,红联村3号院,南 北        ,海淀,整租·红联村3号院2室1厅南/北,新街口,6000
中楼层（6层）,60㎡,2室1厅1卫,滨河东里,南        ,大兴,整租·滨河东里2室1厅南,枣园,3300
高楼层（6层）,74㎡,2室1厅1卫,上潞园,南 北        ,通州,整租·上潞园2室1厅南/北,潞苑,2900
高楼层（5层）,37㎡,1室1厅1卫,志强北园,南        ,海淀,整租·志强北园1室1厅南,小西天,6000
高楼层（13层）,32㎡,1室0厅1卫,兰德华庭,北        ,海淀,整租·兰德华庭1室0厅北,田村,5000
高楼层（24层）,53㎡,1室0厅1卫,远见名苑,东        ,西城,整租·远见名苑1室0厅东,广安门,5800
低楼层（6层）,57㎡,2室1厅1卫,春晖园,南        ,海淀,整租·春晖园2室1厅南,西北旺,5500
低楼层（22层）,89㎡,2室1厅1卫,大方居,东 西        ,通州,整租·大方居2室1厅东/西,九棵树(家乐福),3500
低楼层（16层）,49㎡,1室0厅1卫,加州水郡金桥国际酒店,东        ,房山,整租·加州水郡金桥国际酒店1室0厅东,长阳,2300
低楼层（28层）,61㎡,1室1厅1卫,北京新天地五期,北        ,朝阳,整租·北京新天地五期1室1厅北,常营,4500
低楼层（27层）,62㎡,1室1厅1卫,北京新天地五期,东        ,朝阳,整租·北京新天地五期1室1厅东,常营,5500
中楼层（11层）,48㎡,1室0厅1卫,佳和宜园,南        ,顺义,整租·佳和宜园1室0厅南,马坡,2600
中楼层（27层）,41㎡,1室0厅1卫,大峪小白楼,南        ,门头沟,整租·大峪小白楼1室0厅南,大峪,2500
中楼层（15层）,38㎡,1室1厅1卫,蒲黄榆路,南 北        ,丰台,整租·蒲黄榆路1室1厅南/北,蒲黄榆,4500
低楼层（6层）,62㎡,2室1厅1卫,南平里,南        ,朝阳,整租·南平里2室1厅南,首都机场,3400
高楼层（9层）,90㎡,2室1厅1卫,新兴家园,南 北        ,大兴,整租·新兴家园2室1厅南/北,大兴其它,2600
高楼层（22层）,51㎡,1室0厅1卫,北花园小区,南        ,朝阳,整租·北花园小区1室0厅南,双桥,4100
高楼层（6层）,60㎡,2室1厅1卫,青塔秀园,南 北        ,丰台,整租·青塔秀园2室1厅南/北,青塔,4200
中楼层（8层）,54㎡,1房间1卫,通厦公元99,南        ,海淀,整租·通厦公元991房间南,西三旗,5000
高楼层（10层）,71㎡,2室1厅1卫,芳怡园,南 北        ,海淀,整租·芳怡园2室1厅南/北,西北旺,6000
中楼层（8层）,55㎡,1室1厅1卫,芳怡园,东 西        ,海淀,整租·芳怡园1室1厅东/西,西北旺,5000
低楼层（6层）,58㎡,2室1厅1卫,程庄路6号院,南 北        ,丰台,整租·程庄路6号院2室1厅南/北,五里店,4500
中楼层（6层）,59㎡,2室1厅1卫,南竺园,南 北        ,顺义,整租·南竺园2室1厅南/北,首都机场,3200
中楼层（18层）,47㎡,1室1厅1卫,二里庄小区,东        ,海淀,整租·二里庄小区1室1厅东,二里庄,5800
高楼层（6层）,61㎡,2室1厅1卫,八里庄北里小区,南 北        ,朝阳,整租·八里庄北里小区2室1厅南/北,石佛营,6000
高楼层（13层）,39㎡,1房间1卫,东亚创展国际,西        ,顺义,整租·东亚创展国际1房间西,后沙峪,3150
中楼层（15层）,49㎡,1室1厅1卫,金蝉南里,南        ,朝阳,整租·金蝉南里1室1厅南,欢乐谷,4800
低楼层（14层）,82㎡,2室1厅1卫,和悦居,南 北        ,顺义,整租·和悦居2室1厅南/北,顺义其它,3300
低楼层（6层）,78㎡,2室1厅1卫,郝庄家园,南 北        ,昌平,整租·郝庄家园2室1厅南/北,西关环岛,3000
低楼层（6层）,37㎡,1室1厅1卫,曙光西里,东        ,朝阳,整租·曙光西里1室1厅东,三元桥,4500
低楼层（18层）,28㎡,1室1厅1卫,城市经典,南        ,丰台,整租·城市经典1室1厅南,科技园区,3500
低楼层（12层）,61㎡,1室0厅1卫,莲水怡园,南        ,亦庄开发区,整租·莲水怡园1室0厅南,马驹桥,2800
高楼层（11层）,56㎡,1室0厅1卫,鼎晟国际,南        ,通州,整租·鼎晟国际1室0厅南,万达,3600
中楼层（6层）,68㎡,2室1厅1卫,石园东区,南 北        ,顺义,整租·石园东区2室1厅南/北,顺义城,2800
高楼层（12层）,44㎡,1室1厅1卫,复兴路甲65号,南        ,海淀,整租·复兴路甲65号1室1厅南,万寿路,5300
高楼层（15层）,50㎡,1室0厅1卫,瑞雪春堂,南        ,房山,整租·瑞雪春堂1室0厅南,良乡,2400
中楼层（6层）,47㎡,1室1厅1卫,平乐园小区,南 北        ,朝阳,整租·平乐园小区1室1厅南/北,北工大,4700
低楼层（15层）,67㎡,2室1厅1卫,知本时代,南 北        ,海淀,整租·知本时代2室1厅南/北,西三旗,6000
中楼层（26层）,38㎡,1室0厅1卫,荣丰2008,北        ,西城,整租·荣丰20081室0厅北,广安门,4200
高楼层（7层）,13㎡,1室1厅1卫,泰中花园,北        ,大兴,整租·泰中花园1室1厅北,大兴开发区,2000
中楼层（10层）,55㎡,1室1厅1卫,芳怡园,东 西        ,海淀,整租·芳怡园1室1厅东/西,西北旺,5500
高楼层（24层）,43㎡,1室0厅1卫,乐城,北        ,西城,整租·乐城1室0厅北,菜户营,4500
低楼层（5层）,38㎡,2室0厅0卫,八角南路,东 西        ,石景山,整租·八角南路2室0厅东/西,八角,2600
中楼层（6层）,62㎡,2室1厅1卫,绿岛苑东区,南        ,朝阳,整租·绿岛苑东区2室1厅南,定福庄,4500
中楼层（6层）,44㎡,1室1厅1卫,玉林东里一区,西        ,丰台,整租·玉林东里一区1室1厅西,右安门外,4700
高楼层（6层）,47㎡,1室1厅1卫,石榴园南里小区,西        ,丰台,整租·石榴园南里小区1室1厅西,刘家窑,4500
低楼层（9层）,48㎡,2房间1卫,中国铁建顺鑫汇,西        ,顺义,整租·中国铁建顺鑫汇2房间西,顺义其它,2800
高楼层（6层）,73㎡,2室1厅1卫,康静里,西        ,朝阳,整租·康静里2室1厅西,东坝,5000
高楼层（6层）,76㎡,2室1厅1卫,南苑北里一区,东 西        ,丰台,整租·南苑北里一区2室1厅东/西,和义,4000
中楼层（5层）,59㎡,2室2厅1卫,北环里小区,南 北        ,昌平,整租·北环里小区2室2厅南/北,鼓楼大街,3100
中楼层（6层）,55㎡,2室1厅1卫,义宾南区,南 北        ,顺义,整租·义宾南区2室1厅南/北,顺义城,3200
高楼层（10层）,50㎡,2房间1卫,房山超级蜂巢,南        ,房山,整租·房山超级蜂巢2房间南,良乡,2100
高楼层（15层）,47㎡,1室1厅1卫,欣葆家园二区,南        ,丰台,整租·欣葆家园二区1室1厅南,科技园区,4300
低楼层（6层）,63㎡,2室2厅1卫,定福庄南里1号院,南        ,朝阳,整租·定福庄南里1号院2室2厅南,定福庄,5000
中楼层（6层）,45㎡,1室1厅1卫,西革新里110号院,东        ,东城,整租·西革新里110号院1室1厅东,永定门,4700
中楼层（6层）,55㎡,2室1厅1卫,延静里中街,西南        ,朝阳,整租·延静里中街2室1厅西南,红庙,5800
高楼层（6层）,43㎡,1室1厅1卫,酒仙桥一街坊,南        ,朝阳,整租·酒仙桥一街坊1室1厅南,酒仙桥,5000
高楼层（6层）,47㎡,1室1厅1卫,东幸福街,南 北        ,丰台,整租·东幸福街1室1厅南/北,北大地,3700
高楼层（20层）,44㎡,1室1厅1卫,和平街西苑,南        ,朝阳,整租·和平街西苑1室1厅南,和平里,6000
中楼层（10层）,55㎡,1室1厅1卫,芳怡园,东 西        ,海淀,整租·芳怡园1室1厅东/西,西北旺,4000
高楼层（6层）,70㎡,2室1厅1卫,西宏苑,南 北        ,丰台,整租·西宏苑2室1厅南/北,西红门,3500
高楼层（6层）,40㎡,1室0厅1卫,华馨公寓,东        ,朝阳,整租·华馨公寓1室0厅东,亚运村,6000
低楼层（6层）,63㎡,2室1厅1卫,桃源里,南 北        ,丰台,整租·桃源里2室1厅南/北,旧宫,3400
高楼层（6层）,59㎡,2室1厅1卫,劲松四区,南 北        ,朝阳,整租·劲松四区2室1厅南/北,劲松,5800
低楼层（16层）,36㎡,1室0厅1卫,加州水郡金桥国际酒店,南        ,房山,整租·加州水郡金桥国际酒店1室0厅南,长阳,2300
低楼层（28层）,71㎡,2室1厅1卫,弘善家园,东南        ,朝阳,整租·弘善家园2室1厅东南,潘家园,6000
低楼层（10层）,57㎡,2室1厅2卫,空港国际,南        ,顺义,整租·空港国际2室1厅南,顺义其它,3300
高楼层（27层）,86㎡,2室1厅1卫,华贸城,南        ,朝阳,整租·华贸城2室1厅南,北苑,5000
中楼层（9层）,52㎡,1室0厅1卫,美然动力A3区,南        ,朝阳,整租·美然动力A3区1室0厅南,定福庄,4500
中楼层（7层）,58㎡,1室1厅1卫,建材城东一里,西        ,海淀,整租·建材城东一里1室1厅西,西三旗,5000
高楼层（6层）,64㎡,2室1厅1卫,永安里小区,南 北        ,昌平,整租·永安里小区2室1厅南/北,鼓楼大街,3200
高楼层（5层）,52㎡,2室1厅1卫,建新北区,南        ,顺义,整租·建新北区2室1厅南,顺义城,3000
中楼层（18层）,70㎡,2室1厅1卫,北街家园六区,南        ,昌平,整租·北街家园六区2室1厅南,沙河,4000
高楼层（5层）,65㎡,1室1厅1卫,名佳花园三区,南 北        ,昌平,整租·名佳花园三区1室1厅南/北,北七家,3600
高楼层（6层）,54㎡,1室1厅1卫,美然动力A3区,南 北        ,朝阳,整租·美然动力A3区1室1厅南/北,定福庄,5200
中楼层（24层）,52㎡,1室1厅1卫,都城心屿,南        ,朝阳,整租·都城心屿1室1厅南,劲松,6000
高楼层（6层）,61㎡,2室1厅1卫,翠福园,东北        ,通州,整租·翠福园2室1厅东北,北关,3500
低楼层（6层）,55㎡,2室1厅1卫,清源西里,南 北        ,大兴,整租·清源西里2室1厅南/北,枣园,3300
高楼层（10层）,42㎡,1室1厅1卫,碧森里,南        ,海淀,整租·碧森里1室1厅南,田村,4800
中楼层（20层）,44㎡,1室1厅1卫,和平街西苑,南        ,朝阳,整租·和平街西苑1室1厅南,和平里,5000
高楼层（4层）,46㎡,2室1厅1卫,虎坊路小区,南 北        ,西城,整租·虎坊路小区2室1厅南/北,陶然亭,5600
中楼层（4层）,38㎡,2室0厅1卫,八角路小区,南 北        ,石景山,整租·八角路小区2室0厅南/北,八角,3700
高楼层（6层）,47㎡,1室1厅1卫,松榆东里,南        ,朝阳,整租·松榆东里1室1厅南,北工大,6000
低楼层（23层）,89㎡,2室1厅1卫,富力又一城C区,东南        ,朝阳,整租·富力又一城C区2室1厅东南,豆各庄,5500
低楼层（14层）,40㎡,1房间1卫,明天生活馆,西        ,朝阳,整租·明天生活馆1房间西,立水桥,3800
高楼层（12层）,92㎡,2室1厅1卫,澜西园三区,南        ,顺义,整租·澜西园三区2室1厅南,顺义其它,3200
中楼层（6层）,78㎡,2室1厅1卫,田村40号院,南 北        ,海淀,整租·田村40号院2室1厅南/北,田村,6000
高楼层（27层）,55㎡,1室1厅1卫,北辰福第二号院,东南        ,朝阳,整租·北辰福第二号院1室1厅东南,常营,5500
中楼层（15层）,49㎡,1室1厅1卫,西直门北大街甲41号,南        ,西城,整租·西直门北大街甲41号1室1厅南,西直门,5800
低楼层（6层）,51㎡,1室1厅1卫,玉桥南里,南 北        ,通州,整租·玉桥南里1室1厅南/北,玉桥,3000
中楼层（9层）,45㎡,2房间1卫,东亚三环,西        ,丰台,整租·东亚三环2房间西,马家堡,4000
高楼层（7层）,62㎡,2室1厅1卫,梅源里小区,南 北        ,丰台,整租·梅源里小区2室1厅南/北,旧宫,3300
低楼层（6层）,55㎡,1室1厅1卫,小街之春,南        ,通州,整租·小街之春1室1厅南,临河里,3000
高楼层（6层）,101㎡,3室2厅1卫,温泉花园B区,南 北        ,昌平,整租·温泉花园B区3室2厅南/北,北七家,3600
低楼层（21层）,37㎡,1室0厅1卫,中海御鑫阁,南        ,丰台,整租·中海御鑫阁1室0厅南,科技园区,4600
中楼层（7层）,43㎡,1室1厅1卫,林萃路10号院,南        ,朝阳,整租·林萃路10号院1室1厅南,奥林匹克公园,5900
中楼层（6层）,40㎡,1室0厅0卫,华馨公寓,西        ,朝阳,整租·华馨公寓1室0厅西,亚运村,5500
高楼层（17层）,46㎡,2房间1卫,北京像素北区,东        ,朝阳,整租·北京像素北区2房间复式东,常营,5400
中楼层（6层）,41㎡,1室1厅1卫,和平里五区,东南        ,东城,整租·和平里五区1室1厅东南,和平里,5300
中楼层（18层）,59㎡,1室1厅1卫,天资华府,南        ,房山,整租·天资华府1室1厅南,长阳,2700
中楼层（6层）,63㎡,2室1厅1卫,甜水园北里,南 北        ,朝阳,整租·甜水园北里2室1厅南/北,甜水园,6000
低楼层（6层）,56㎡,1室1厅1卫,建新南区,南 北        ,顺义,整租·建新南区1室1厅南/北,顺义城,3200
中楼层（6层）,45㎡,1室1厅1卫,丝竹园小区,南        ,朝阳,整租·丝竹园小区1室1厅南,健翔桥,6000
高楼层（6层）,73㎡,2室1厅1卫,北苑6号院,东        ,朝阳,整租·北苑6号院2室1厅东,北苑,5800
高楼层（21层）,49㎡,1室0厅1卫,柏林爱乐二期,北        ,朝阳,整租·柏林爱乐二期1室0厅北,常营,4800
中楼层（26层）,71㎡,1室1厅1卫,京棉新城三厂,南        ,朝阳,整租·京棉新城三厂1室1厅南,四惠,5600
中楼层（9层）,79㎡,2室1厅1卫,格兰晴天,西        ,通州,整租·格兰晴天2室1厅西,玉桥,3500
高楼层（11层）,62㎡,1室1厅1卫,翠成馨园,南        ,朝阳,整租·翠成馨园1室1厅南,垡头,4700
高楼层（6层）,84㎡,3室1厅1卫,和义东里六区,南 北        ,丰台,整租·和义东里六区3室1厅南/北,和义,4400
中楼层（6层）,54㎡,1室1厅1卫,新悦家园,南        ,昌平,整租·新悦家园1室1厅南,鼓楼大街,3200
高楼层（6层）,57㎡,3室1厅1卫,胜古北里,南 北        ,朝阳,整租·胜古北里3室1厅南/北,惠新西街,6000
中楼层（15层）,91㎡,2室1厅1卫,金宝城北区,南 北        ,顺义,整租·金宝城北区2室1厅南/北,马坡,2800
中楼层（14层）,89㎡,3室1厅1卫,国瑞熙墅,东 西        ,昌平,整租·国瑞熙墅3室1厅东/西,北七家,4000
高楼层（15层）,44㎡,1房间1卫,SOCO公社,北        ,海淀,整租·SOCO公社1房间北,西三旗,4500
中楼层（6层）,68㎡,2室1厅1卫,万源东里,南        ,丰台,整租·万源东里2室1厅南,旧宫,4200
中楼层（6层）,81㎡,2室1厅1卫,温泉花园B区,南 北        ,昌平,整租·温泉花园B区2室1厅南/北,北七家,3500
中楼层（6层）,59㎡,2室1厅1卫,黑山东街,南 北        ,门头沟,整租·黑山东街2室1厅南/北,大峪,2600
中楼层（6层）,52㎡,1室1厅1卫,贵园南里丙区,南        ,亦庄开发区,整租·贵园南里丙区1室1厅南,亦庄,3800
低楼层（6层）,61㎡,1室1厅1卫,双惠小区,西南        ,朝阳,整租·双惠小区1室1厅西南,双桥,4300
中楼层（6层）,43㎡,1室1厅1卫,松榆里,南        ,朝阳,整租·松榆里1室1厅南,潘家园,4500
低楼层（1层）,15㎡,1室0厅0卫,新太仓胡同,南        ,东城,整租·新太仓胡同1室0厅南,东四,3300
低楼层（10层）,40㎡,1室0厅1卫,芳怡园,东        ,海淀,整租·芳怡园1室0厅东,西北旺,4200
中楼层（6层）,37㎡,1室1厅2卫,中山大街108号院,北        ,通州,整租·中山大街108号院1室1厅北,万达,3400
低楼层（6层）,50㎡,2室1厅1卫,红星楼,西 北        ,丰台,整租·红星楼2室1厅西/北,和义,3500
低楼层（1层）,15㎡,1室0厅1卫,大兴胡同,南        ,东城,整租·大兴胡同1室0厅南,交道口,4500
高楼层（5层）,56㎡,2室0厅1卫,东方生活区,南 北        ,通州,整租·东方生活区2室0厅南/北,万达,3100
低楼层（6层）,60㎡,1室1厅1卫,玉桥北里,南 北        ,通州,整租·玉桥北里1室1厅南/北,乔庄,3000
中楼层（6层）,45㎡,1室1厅1卫,木樨地,南 北        ,西城,整租·木樨地1室1厅南/北,木樨地,5800
中楼层（7层）,37㎡,1室0厅1卫,朝北8080,北        ,通州,整租·朝北80801室0厅北,北关,3200
高楼层（6层）,60㎡,1室1厅1卫,仓上小区,南 北        ,顺义,整租·仓上小区1室1厅南/北,顺义城,2500
高楼层（6层）,45㎡,1室1厅1卫,左家庄北里,东南        ,朝阳,整租·左家庄北里1室1厅东南,国展,5700
高楼层（6层）,43㎡,1室1厅1卫,翠林二里,南        ,丰台,整租·翠林二里1室1厅南,北京南站,4600
低楼层（21层）,115㎡,2室1厅2卫,大黄庄东路,东南        ,朝阳,整租·大黄庄东路2室1厅东南,定福庄,5600
高楼层（14层）,36㎡,2房间1卫,旭辉E天地,东南        ,房山,整租·旭辉E天地2房间复式东南,良乡,2600
低楼层（5层）,50㎡,2室1厅1卫,永定路85号院,南        ,海淀,整租·永定路85号院2室1厅南,五棵松,5000
高楼层（22层）,47㎡,1室1厅1卫,晓月新苑,西南        ,丰台,整租·晓月新苑1室1厅西南,卢沟桥,3300
中楼层（22层）,69㎡,1室1厅1卫,裕龙三区,南 北        ,顺义,整租·裕龙三区1室1厅南/北,顺义城,3300
低楼层（4层）,44㎡,2室1厅1卫,五机床厂宿舍,南        ,海淀,整租·五机床厂宿舍2室1厅南,西三旗,4200
低楼层（22层）,52㎡,1室1厅1卫,玉桥东里,南        ,通州,整租·玉桥东里1室1厅南,玉桥,3300
中楼层（28层）,55㎡,1室1厅1卫,周庄嘉园4号院,南        ,朝阳,整租·周庄嘉园4号院1室1厅南,十里河,4600
高楼层（15层）,51㎡,1室1厅1卫,南庭新苑北区,西        ,丰台,整租·南庭新苑北区1室1厅西,新宫,4100
高楼层（6层）,48㎡,1室1厅1卫,平乐园小区,南        ,朝阳,整租·平乐园小区1室1厅南,北工大,5000
低楼层（18层）,61㎡,1室1厅1卫,东海仪园,南        ,丰台,整租·东海仪园1室1厅南,青塔,4200
中楼层（12层）,38㎡,1室0厅1卫,五月华庭,北        ,海淀,整租·五月华庭1室0厅北,新街口,5200
低楼层（6层）,63㎡,2室1厅1卫,东关北里小区,南 北        ,昌平,整租·东关北里小区2室1厅南/北,东关,3450
中楼层（6层）,50㎡,2室1厅1卫,永定门东街西里,南 北        ,东城,整租·永定门东街西里2室1厅南/北,天坛,5500
高楼层（12层）,45㎡,1室0厅1卫,第七街区,西北        ,丰台,整租·第七街区1室0厅西北,岳各庄,4500
低楼层（17层）,79㎡,2室1厅1卫,远洋一方新悦二期,东 西北        ,朝阳,整租·远洋一方新悦二期2室1厅东/西北,双桥,5500
低楼层（6层）,61㎡,2室1厅1卫,首钢一线材厂东宿舍,南 北        ,昌平,整租·首钢一线材厂东宿舍2室1厅南/北,沙河,2800
高楼层（6层）,63㎡,2室1厅1卫,武圣西里,南        ,朝阳,整租·武圣西里2室1厅南,劲松,6000
中楼层（28层）,50㎡,1室1厅1卫,广渠家园,东        ,东城,整租·广渠家园1室1厅东,广渠门,5700
高楼层（6层）,80㎡,2室1厅1卫,新居里,南 北        ,大兴,整租·新居里2室1厅南/北,黄村中,2900
中楼层（13层）,38㎡,1室0厅1卫,银地家园,南        ,丰台,整租·银地家园1室0厅南,花乡,3500
高楼层（6层）,45㎡,1室1厅1卫,梨花园,南        ,通州,整租·梨花园1室1厅南,梨园,3600
高楼层（6层）,54㎡,2室1厅1卫,挂车厂宿舍,南        ,通州,整租·挂车厂宿舍2室1厅南,果园,3500
地下室（6层）,59㎡,2室1厅1卫,北露园,南 北        ,西城,整租·北露园2室1厅南/北,阜成门,5900
高楼层（9层）,27㎡,1室1厅1卫,旭辉26街区,南        ,顺义,整租·旭辉26街区1室1厅南,顺义其它,3300
低楼层（12层）,48㎡,1室0厅1卫,荔景园,南        ,通州,整租·荔景园1室0厅南,武夷花园,3300
高楼层（22层）,39㎡,1室0厅1卫,炫特嘉园一期,北        ,朝阳,整租·炫特嘉园一期1室0厅北,石佛营,5000
中楼层（27层）,42㎡,1房间1卫,荣京丽都,北        ,亦庄开发区,整租·荣京丽都1房间北,亦庄,3700
高楼层（6层）,65㎡,3室1厅1卫,西环里,南 北        ,昌平,整租·西环里3室1厅南/北,西关环岛,2800
中楼层（7层）,62㎡,2室1厅1卫,永金里小区,东 西        ,海淀,整租·永金里小区2室1厅东/西,五棵松,5000
高楼层（6层）,91㎡,2室1厅2卫,名佳花园三区,南 西 北        ,昌平,整租·名佳花园三区2室1厅南/西/北,北七家,4000
高楼层（12层）,65㎡,1室1厅1卫,澜西园四区,南        ,顺义,整租·澜西园四区1室1厅南,顺义其它,3000
中楼层（6层）,55㎡,2室1厅1卫,高原街4号院,南 北        ,朝阳,整租·高原街4号院2室1厅南/北,芍药居,5500
低楼层（6层）,46㎡,2室1厅1卫,北大地三里,东南        ,丰台,整租·北大地三里2室1厅东南,北大地,4300
低楼层（10层）,62㎡,2室1厅1卫,树村丽景苑,南        ,海淀,整租·树村丽景苑2室1厅南,马连洼,6000
高楼层（14层）,49㎡,1室0厅1卫,金蝉南里,南        ,朝阳,整租·金蝉南里1室0厅南,欢乐谷,4300
中楼层（18层）,33㎡,1室0厅1卫,炫特嘉园一期,西        ,朝阳,整租·炫特嘉园一期1室0厅西,石佛营,4500
低楼层（6层）,42㎡,1室1厅1卫,华威西里,南        ,朝阳,整租·华威西里1室1厅南,潘家园,4600
高楼层（10层）,42㎡,1室0厅1卫,芳怡园,东        ,海淀,整租·芳怡园1室0厅东,西北旺,4500
低楼层（6层）,62㎡,2室1厅1卫,义和庄北里,南 北        ,大兴,整租·义和庄北里2室1厅南/北,黄村火车站,3000
低楼层（27层）,81㎡,2室1厅1卫,新马家园,南 北        ,顺义,整租·新马家园2室1厅南/北,马坡,3300
高楼层（6层）,60㎡,2室1厅1卫,六营门小区,南 北        ,丰台,整租·六营门小区2室1厅南/北,旧宫,4100
高楼层（6层）,67㎡,2室1厅1卫,东平里,南 北        ,朝阳,整租·东平里2室1厅南/北,首都机场,3400
中楼层（6层）,47㎡,1室1厅1卫,安翔里小区,南        ,朝阳,整租·安翔里小区1室1厅南,健翔桥,5600
中楼层（9层）,79㎡,1房间1卫,金隅创客,东南        ,通州,整租·金隅创客1房间东南,临河里,2980
低楼层（9层）,83㎡,2室1厅1卫,龙泉苑小区,南 北        ,顺义,整租·龙泉苑小区2室1厅南/北,顺义城,3200
低楼层（18层）,90㎡,2室1厅1卫,富力又一城C区,东南        ,朝阳,整租·富力又一城C区2室1厅东南,豆各庄,5800
低楼层（6层）,74㎡,2室2厅1卫,玉桥南里,南 北        ,通州,整租·玉桥南里2室2厅南/北,玉桥,3500
低楼层（16层）,76㎡,2室1厅1卫,兴海园,南        ,大兴,整租·兴海园2室1厅南,瀛海,3500
高楼层（27层）,12㎡,1室0厅0卫,泰福苑D2区,南        ,朝阳,整租·泰福苑D2区1室0厅南,定福庄,2200
中楼层（12层）,16㎡,1室0厅1卫,定福家园3号院,南        ,朝阳,整租·定福家园3号院1室0厅南,定福庄,2800
高楼层（6层）,61㎡,2室1厅1卫,劲松六区,南 北        ,朝阳,整租·劲松六区2室1厅南/北,潘家园,5500
中楼层（8层）,91㎡,2室1厅1卫,保利西山林语,南 西        ,海淀,整租·保利西山林语2室1厅南/西,海淀北部新区,6000
高楼层（6层）,87㎡,3室1厅1卫,啤酒厂家属楼,南 北        ,顺义,整租·啤酒厂家属楼3室1厅南/北,顺义其它,2800
低楼层（15层）,83㎡,2室1厅1卫,瀛海家园和园B区,南 北        ,大兴,整租·瀛海家园和园B区2室1厅南/北,瀛海,3400
高楼层（14层）,48㎡,1室1厅1卫,华严北里2号院,南        ,朝阳,整租·华严北里2号院1室1厅南,健翔桥,5900
高楼层（6层）,51㎡,1室1厅1卫,玉带河西街8号院,南        ,通州,整租·玉带河西街8号院1室1厅南,万达,2800
中楼层（15层）,71㎡,1室1厅1卫,金隅七零九零,南        ,通州,整租·金隅七零九零1室1厅南,临河里,3400
中楼层（12层）,43㎡,1室0厅1卫,当代名筑,北        ,通州,整租·当代名筑1室0厅北,梨园,3300
高楼层（6层）,53㎡,2室1厅1卫,北大地四里,东        ,丰台,整租·北大地四里2室1厅东,北大地,4200
中楼层（14层）,46㎡,1室1厅1卫,东直门外大街(东城）,南        ,东城,整租·东直门外大街(东城）1室1厅南,东直门,5000
中楼层（14层）,76㎡,1室1厅1卫,美然动力A1区,南        ,朝阳,整租·美然动力A1区1室1厅南,定福庄,5400
低楼层（10层）,44㎡,1室1厅1卫,金地未未来,西        ,顺义,整租·金地未未来1室1厅西,顺义其它,3300
中楼层（9层）,27㎡,1室1厅1卫,旭辉26街区,北        ,顺义,整租·旭辉26街区1室1厅北,顺义其它,3200
中楼层（11层）,53㎡,1室1厅1卫,苹果派,北        ,朝阳,整租·苹果派1室1厅北,常营,5500
低楼层（6层）,73㎡,2室1厅1卫,永华北里,南 北        ,大兴,整租·永华北里2室1厅南/北,黄村中,3000
高楼层（6层）,38㎡,1室1厅1卫,赵堂子胡同,南        ,东城,整租·赵堂子胡同1室1厅南,建国门内,6000
中楼层（6层）,60㎡,2室1厅1卫,莲水怡园,南 北        ,亦庄开发区,整租·莲水怡园2室1厅南/北,马驹桥,3500
高楼层（6层）,54㎡,2室1厅1卫,建材城东一里,南 北        ,海淀,整租·建材城东一里2室1厅南/北,西三旗,4800
高楼层（21层）,62㎡,1室1厅1卫,中信新城两限区,南        ,亦庄开发区,整租·中信新城两限区1室1厅南,亦庄开发区其它,4000
低楼层（7层）,36㎡,1室1厅1卫,樱花园二区,南 北        ,顺义,整租·樱花园二区1室1厅南/北,李桥,2200
高楼层（16层）,10㎡,1室0厅0卫,小南庄社区,北        ,海淀,整租·小南庄社区1室0厅北,苏州桥,2800
中楼层（8层）,59㎡,1室1厅1卫,金色漫香郡南区,南        ,大兴,整租·金色漫香郡南区1室1厅南,大兴其它,2600
中楼层（17层）,42㎡,1室1厅1卫,安德里北街25号院,西        ,东城,整租·安德里北街25号院1室1厅西,安定门,5200
低楼层（1层）,88㎡,2室1厅1卫,华远和墅,南 北        ,大兴,整租·华远和墅2室1厅南/北,大兴其它,2500
低楼层（27层）,47㎡,1室0厅1卫,城华园,北        ,海淀,整租·城华园1室0厅北,学院路,5600
中楼层（18层）,42㎡,1室1厅1卫,塔院小区,南        ,海淀,整租·塔院小区1室1厅南,牡丹园,5300
低楼层（9层）,55㎡,1室1厅1卫,壹线国际,南        ,朝阳,整租·壹线国际1室1厅南,四惠,6000
低楼层（10层）,82㎡,2室1厅1卫,众美城,南        ,大兴,整租·众美城2室1厅南,天宫院南,2700
中楼层（6层）,43㎡,1室1厅1卫,红联南村,南        ,海淀,整租·红联南村1室1厅南,新街口,6000
高楼层（6层）,61㎡,2室1厅1卫,劲松六区,南 北        ,朝阳,整租·劲松六区2室1厅南/北,潘家园,5700
中楼层（10层）,80㎡,1室1厅1卫,东一时区,南        ,朝阳,整租·东一时区1室1厅南,双桥,4000
低楼层（18层）,50㎡,1室1厅1卫,南海家园四里,东 北        ,大兴,整租·南海家园四里1室1厅东/北,大兴其它,3400
高楼层（18层）,54㎡,1室1厅1卫,春园,东南        ,丰台,整租·春园1室1厅东南,青塔,4500
中楼层（6层）,65㎡,2室1厅1卫,红居南街,南 北        ,西城,整租·红居南街2室1厅南/北,广安门,6000
中楼层（18层）,41㎡,1室1厅1卫,东直门南大街,西        ,东城,整租·东直门南大街1室1厅西,东直门,6000
高楼层（6层）,43㎡,1室1厅1卫,单店西村,南        ,朝阳,整租·单店西村1室1厅南,东坝,4200
中楼层（12层）,57㎡,1室1厅1卫,御园E区,南 北        ,大兴,整租·御园E区1室1厅南/北,天宫院南,2200
中楼层（4层）,49㎡,2室1厅1卫,和平街十二区,东 西        ,朝阳,整租·和平街十二区2室1厅东/西,和平里,5600
高楼层（7层）,51㎡,1室1厅1卫,玉林里小区,南        ,丰台,整租·玉林里小区1室1厅南,右安门外,4000
高楼层（6层）,20㎡,1室0厅1卫,八宝庄,南        ,海淀,整租·八宝庄1室0厅南,定慧寺,3700
高楼层（15层）,49㎡,1室1厅1卫,南庭新苑北区,西        ,丰台,整租·南庭新苑北区1室1厅西,新宫,4000
低楼层（6层）,58㎡,2室1厅1卫,西四环中路19号院,南 北        ,海淀,整租·西四环中路19号院2室1厅南/北,五棵松,5800
高楼层（20层）,26㎡,1室1厅1卫,荣丰2008,南        ,西城,整租·荣丰20081室1厅跃层南,广安门,3500
中楼层（6层）,31㎡,1室0厅1卫,昊天嘉园,东南        ,房山,整租·昊天嘉园1室0厅东南,良乡,2100
中楼层（14层）,58㎡,1室1厅1卫,银地家园,东 北        ,丰台,整租·银地家园1室1厅东/北,花乡,4500
地下室（7层）,50㎡,2室1厅1卫,芍药居北里,东 南 北        ,朝阳,整租·芍药居北里2室1厅东/南/北,芍药居,5500
低楼层（18层）,63㎡,2室1厅1卫,花园闸小区,北        ,朝阳,整租·花园闸小区2室1厅北,定福庄,5300
中楼层（6层）,47㎡,1室1厅1卫,车站西街17号院,南        ,西城,整租·车站西街17号院1室1厅南,广安门,4800
中楼层（6层）,50㎡,1室0厅1卫,吴家村路10号院,南 北        ,海淀,整租·吴家村路10号院1室0厅南/北,六里桥,4500
高楼层（6层）,67㎡,2室1厅1卫,东平里,南 北        ,朝阳,整租·东平里2室1厅南/北,首都机场,3500
低楼层（15层）,49㎡,1室1厅1卫,南庭新苑北区,西        ,丰台,整租·南庭新苑北区1室1厅西,新宫,4000
中楼层（6层）,58㎡,2室1厅1卫,云景西里南区,南 北        ,通州,整租·云景西里南区2室1厅南/北,梨园,3600
低楼层（12层）,56㎡,2室1厅1卫,久居雅园,北        ,通州,整租·久居雅园2室1厅北,临河里,3300
低楼层（1层）,28㎡,1室1厅1卫,慧华苑,南        ,昌平,整租·慧华苑1室1厅南,回龙观,3800
低楼层（26层）,49㎡,1室1厅1卫,住欣家园,南        ,朝阳,整租·住欣家园1室1厅南,常营,4500
高楼层（18层）,52㎡,1室1厅1卫,怡馨家园,南        ,顺义,整租·怡馨家园1室1厅南,顺义城,3200
高楼层（6层）,65㎡,2室1厅1卫,仓上小区,南 北        ,顺义,整租·仓上小区2室1厅南/北,顺义城,2800
中楼层（6层）,45㎡,2室1厅1卫,古城北路,南 北        ,石景山,整租·古城北路2室1厅南/北,古城,4200
高楼层（21层）,48㎡,1室0厅1卫,大成国际,东        ,朝阳,整租·大成国际1室0厅东,百子湾,5700
高楼层（16层）,88㎡,2室1厅1卫,金隅瑞和园,南 北        ,海淀,整租·金隅瑞和园2室1厅南/北,玉泉路,5800
低楼层（15层）,59㎡,1室1厅1卫,瑞雪春堂,南        ,房山,整租·瑞雪春堂1室1厅南,良乡,2600
低楼层（28层）,56㎡,1室1厅1卫,周庄嘉园4号院,南        ,朝阳,整租·周庄嘉园4号院1室1厅南,十里河,4600
高楼层（6层）,58㎡,2室1厅1卫,垡头西里三区,南 北        ,朝阳,整租·垡头西里三区2室1厅南/北,垡头,4700
中楼层（24层）,49㎡,1室0厅1卫,珠江骏景北区,北        ,丰台,整租·珠江骏景北区1室0厅北,西罗园,4500
低楼层（6层）,61㎡,2室1厅1卫,玉海园一里,南 北        ,海淀,整租·玉海园一里2室1厅南/北,玉泉路,6000
低楼层（16层）,57㎡,1室1厅1卫,高家园四区,南        ,朝阳,整租·高家园四区1室1厅南,酒仙桥,5500
高楼层（9层）,45㎡,1室1厅1卫,高家园二路2号院,南        ,门头沟,整租·高家园二路2号院1室1厅南,大峪,2400
高楼层（6层）,55㎡,2室1厅1卫,和义东里三区,南 北        ,丰台,整租·和义东里三区2室1厅南/北,和义,3800
中楼层（6层）,80㎡,2室1厅2卫,西木小区,东南 北        ,海淀,整租·西木小区2室1厅东南/北,田村,5800
中楼层（6层）,44㎡,1室1厅1卫,磨房北里,南 北        ,朝阳,整租·磨房北里1室1厅南/北,北工大,5000
高楼层（6层）,44㎡,1室1厅1卫,左家庄北里,南        ,朝阳,整租·左家庄北里1室1厅南,国展,4500
中楼层（24层）,64㎡,2室1厅1卫,芍药居北里,北        ,朝阳,整租·芍药居北里2室1厅北,芍药居,6000
高楼层（12层）,65㎡,2室1厅1卫,东亚印象台湖,南        ,通州,整租·东亚印象台湖2室1厅南,通州其它,3500
高楼层（22层）,93㎡,2室1厅1卫,朝阳新城四区,南        ,朝阳,整租·朝阳新城四区2室1厅南,东坝,5600
中楼层（6层）,60㎡,4房间2卫,天恒旭辉7号院,南        ,大兴,整租·天恒旭辉7号院4房间南,天宫院南,3200
高楼层（6层）,75㎡,1室1厅1卫,石园北区,南 北        ,顺义,整租·石园北区1室1厅南/北,顺义城,3000
高楼层（26层）,34㎡,1室0厅1卫,荣丰2008,西        ,西城,整租·荣丰20081室0厅西,广安门,4000
高楼层（29层）,48㎡,1室0厅1卫,朗琴园,东南        ,西城,整租·朗琴园1室0厅东南,广安门,5500
低楼层（23层）,51㎡,1房间1卫,北京像素南区,西南        ,朝阳,整租·北京像素南区1房间西南,常营,4000
低楼层（6层）,65㎡,1室0厅1卫,巴克寓所,北        ,通州,整租·巴克寓所1室0厅北,果园,3600
高楼层（6层）,68㎡,2室1厅1卫,滨河东里,南        ,大兴,整租·滨河东里2室1厅南,枣园,3500
中楼层（6层）,73㎡,3室1厅1卫,管庄东里,南 北        ,朝阳,整租·管庄东里3室1厅南/北,管庄,6000
高楼层（6层）,50㎡,2室1厅1卫,天宁寺前街北里,南 北        ,西城,整租·天宁寺前街北里2室1厅南/北,天宁寺,5300
中楼层（5层）,56㎡,2室1厅1卫,和义东里四区,西 北        ,丰台,整租·和义东里四区2室1厅西/北,和义,3800
低楼层（18层）,66㎡,2室1厅1卫,华威西里,东南        ,朝阳,整租·华威西里2室1厅东南,潘家园,5800
低楼层（9层）,40㎡,1室0厅1卫,壹线国际,东        ,朝阳,整租·壹线国际1室0厅东,四惠,5600
高楼层（6层）,58㎡,2室1厅1卫,华威西里,南 北        ,朝阳,整租·华威西里2室1厅南/北,潘家园,5700
高楼层（17层）,53㎡,1室1厅1卫,世华龙樾,南        ,海淀,整租·世华龙樾1室1厅南,清河,5800
中楼层（6层）,42㎡,1室1厅1卫,十里堡北区,南        ,朝阳,整租·十里堡北区1室1厅南,石佛营,4900
高楼层（6层）,70㎡,2室1厅1卫,万源南里,南 北        ,丰台,整租·万源南里2室1厅南/北,旧宫,3700
低楼层（1层）,20㎡,1室0厅1卫,东四十条,北        ,东城,整租·东四十条1室0厅北,东四,4800
低楼层（6层）,42㎡,1室1厅1卫,双龙南里,南        ,朝阳,整租·双龙南里1室1厅南,华威桥,4600
高楼层（9层）,58㎡,2室1厅1卫,华严北里小区,南        ,朝阳,整租·华严北里小区2室1厅南,健翔桥,5500
低楼层（9层）,45㎡,1室1厅1卫,慧忠北里第二社区,西        ,朝阳,整租·慧忠北里第二社区1室1厅西,亚运村,5500
低楼层（6层）,73㎡,2室1厅1卫,和义西里二区,南 北        ,丰台,整租·和义西里二区2室1厅南/北,和义,4600
中楼层（12层）,50㎡,2房间1卫,CBD东舍,南        ,朝阳,整租·CBD东舍2房间南,高碑店,6000
高楼层（6层）,55㎡,2室1厅1卫,德茂小区,南 北        ,大兴,整租·德茂小区2室1厅南/北,瀛海,3200
高楼层（6层）,56㎡,1室1厅1卫,春晖园,南        ,海淀,整租·春晖园1室1厅南,西北旺,5700
地下室（6层）,40㎡,1室1厅1卫,交大东路34号院,南        ,海淀,整租·交大东路34号院1室1厅南,西直门,5000
高楼层（6层）,61㎡,1室1厅1卫,西马庄园,南 北        ,通州,整租·西马庄园1室1厅南/北,通州北苑,3300
高楼层（7层）,85㎡,2室1厅1卫,行宫园一里,南 北        ,房山,整租·行宫园一里2室1厅南/北,良乡,2700
高楼层（16层）,44㎡,1室1厅1卫,农光南里,南        ,朝阳,整租·农光南里1室1厅南,劲松,5100
中楼层（5层）,65㎡,2室1厅1卫,农光里,南 北        ,朝阳,整租·农光里2室1厅南/北,劲松,6100
低楼层（18层）,48㎡,1室1厅1卫,玉林里小区,西南        ,丰台,整租·玉林里小区1室1厅西南,右安门外,4600
高楼层（6层）,55㎡,1室1厅1卫,南沙滩小区,南        ,朝阳,整租·南沙滩小区1室1厅南,南沙滩,5600
高楼层（6层）,58㎡,2室1厅1卫,劲松八区,南        ,朝阳,整租·劲松八区2室1厅南,劲松,5500
高楼层（27层）,46㎡,1室0厅1卫,海棠湾一期,西        ,通州,整租·海棠湾一期1室0厅西,临河里,3500
低楼层（6层）,45㎡,1室1厅1卫,上地东里,南        ,海淀,整租·上地东里1室1厅南,上地,6000
高楼层（12层）,53㎡,2室0厅1卫,广渠门外大街,南 北        ,朝阳,整租·广渠门外大街2室0厅南/北,劲松,5200
高楼层（6层）,67㎡,2室1厅1卫,新安里,南 北        ,大兴,整租·新安里2室1厅南/北,黄村中,3200
中楼层（16层）,49㎡,1室0厅1卫,左安浦园,北        ,东城,整租·左安浦园1室0厅北,左安门,4800
低楼层（28层）,75㎡,2室1厅1卫,弘善家园,东 北        ,朝阳,整租·弘善家园2室1厅东/北,潘家园,6000
高楼层（6层）,71㎡,2室1厅1卫,郝庄家园,南 北        ,昌平,整租·郝庄家园2室1厅南/北,西关环岛,3200
低楼层（6层）,67㎡,2室1厅1卫,西平街一里,南 北        ,顺义,整租·西平街一里2室1厅南/北,首都机场,3200
低楼层（6层）,45㎡,1室1厅1卫,潘家园南里,南        ,朝阳,整租·潘家园南里1室1厅南,潘家园,5100
低楼层（11层）,60㎡,1室1厅1卫,泰河园一里一区,南 北        ,亦庄开发区,整租·泰河园一里一区1室1厅南/北,亦庄开发区其它,3200
低楼层（18层）,79㎡,2室1厅1卫,朝丰家园,南        ,朝阳,整租·朝丰家园2室1厅南,豆各庄,4200
低楼层（20层）,61㎡,1室1厅1卫,荣丰2008,南        ,西城,整租·荣丰20081室1厅南,广安门,5600
中楼层（15层）,48㎡,1室1厅1卫,恩济里小区,南        ,海淀,整租·恩济里小区1室1厅南,定慧寺,5600
高楼层（16层）,72㎡,2室1厅1卫,阳光星苑,东 西        ,丰台,整租·阳光星苑2室1厅东/西,西红门,4300
中楼层（16层）,33㎡,1房间1卫,国融国际,北        ,亦庄开发区,整租·国融国际1房间北,亦庄,3300
高楼层（18层）,50㎡,1室1厅1卫,和平街十四区,南        ,朝阳,整租·和平街十四区1室1厅南,和平里,5500
高楼层（18层）,44㎡,1室1厅1卫,社科院,南        ,朝阳,整租·社科院1室1厅南,太阳宫,5800
高楼层（5层）,58㎡,2室1厅1卫,黄村西里,南        ,大兴,整租·黄村西里2室1厅南,黄村中,3100
高楼层（10层）,65㎡,1室1厅1卫,兴城丽源,南        ,大兴,整租·兴城丽源1室1厅南,枣园,3000
中楼层（28层）,44㎡,1室0厅1卫,炫特嘉园一期,北        ,朝阳,整租·炫特嘉园一期1室0厅北,石佛营,5000
地下室（6层）,45㎡,1室1厅1卫,建功北里,南        ,西城,整租·建功北里1室1厅南,白纸坊,3800
高楼层（18层）,59㎡,1室1厅1卫,天资华府,南        ,房山,整租·天资华府1室1厅南,长阳,2700
中楼层（5层）,50㎡,2室1厅1卫,永定门东街东里,南 北        ,东城,整租·永定门东街东里2室1厅南/北,天坛,5500
低楼层（6层）,34㎡,1室1厅1卫,七星园,东 西        ,石景山,整租·七星园1室1厅东/西,鲁谷,3800
低楼层（5层）,58㎡,2室1厅1卫,东关南里小区,东        ,昌平,整租·东关南里小区2室1厅东,东关,3400
低楼层（26层）,92㎡,3室1厅1卫,广安﹒康馨家园,西南 北        ,丰台,整租·广安﹒康馨家园3室1厅西南/北,青塔,4300
高楼层（11层）,65㎡,2室1厅1卫,石泉砖厂A6区,南 北        ,门头沟,整租·石泉砖厂A6区2室1厅南/北,门头沟其它,2600
低楼层（6层）,53㎡,1室1厅1卫,南苑北里一区,南 北        ,丰台,整租·南苑北里一区1室1厅南/北,和义,3600
低楼层（19层）,49㎡,1房间1卫,锋创科技园,东北        ,亦庄开发区,整租·锋创科技园1房间东北,亦庄,3200
高楼层（6层）,76㎡,2室1厅1卫,悦秀园,南        ,海淀,整租·悦秀园2室1厅南,西三旗,5700
中楼层（8层）,45㎡,1房间1卫,iMOMA,东        ,海淀,整租·iMOMA1房间东,上地,4500
低楼层（13层）,25㎡,1房间1卫,7克拉,西        ,丰台,整租·7克拉1房间西,马家堡,3600
高楼层（22层）,52㎡,1室1厅1卫,沿海赛洛城七期,南        ,朝阳,整租·沿海赛洛城七期1室1厅南,百子湾,5800
中楼层（6层）,48㎡,1室1厅1卫,周庄嘉园南里,南        ,朝阳,整租·周庄嘉园南里1室1厅南,十里河,4300
中楼层（5层）,41㎡,1室1厅1卫,三里河三区,南        ,西城,整租·三里河三区1室1厅南,月坛,6000
中楼层（6层）,53㎡,1室0厅1卫,美然动力A3区,南        ,朝阳,整租·美然动力A3区1室0厅南,定福庄,5000
低楼层（28层）,55㎡,1室0厅1卫,华贸城,南        ,朝阳,整租·华贸城1室0厅南,北苑,5500
高楼层（14层）,36㎡,1室0厅1卫,朝阳无限,东        ,朝阳,整租·朝阳无限1室0厅东,甘露园,5200
中楼层（4层）,41㎡,2室0厅1卫,建材城西路41号院,南 北        ,海淀,整租·建材城西路41号院2室0厅南/北,西三旗,5100
高楼层（6层）,83㎡,2室1厅1卫,绿丰家园,南 北        ,朝阳,整租·绿丰家园2室1厅南/北,朝阳其它,4200
低楼层（7层）,67㎡,2室1厅1卫,建材城东一里,南 北        ,海淀,整租·建材城东一里2室1厅南/北,西三旗,5500
高楼层（10层）,72㎡,2室1厅1卫,芳怡园,南 北        ,海淀,整租·芳怡园2室1厅南/北,西北旺,6000
高楼层（11层）,46㎡,1室0厅1卫,万润风景,南        ,丰台,整租·万润风景1室0厅南,菜户营,4500
高楼层（7层）,61㎡,2室1厅1卫,太平里,南 北        ,西城,整租·太平里2室1厅南/北,马连道,5300
高楼层（5层）,40㎡,1室1厅1卫,天宁寺前街南里,南        ,西城,整租·天宁寺前街南里1室1厅南,天宁寺,4700
中楼层（3层）,60㎡,2室1厅1卫,管庄东里,北        ,朝阳,整租·管庄东里2室1厅北,管庄,4500
中楼层（6层）,53㎡,1室1厅1卫,小街之春,南        ,通州,整租·小街之春1室1厅南,临河里,2800
低楼层（6层）,34㎡,1室1厅1卫,红庙北里,南        ,朝阳,整租·红庙北里1室1厅南,红庙,4500
中楼层（6层）,75㎡,2室1厅1卫,仓上小区,南 北        ,顺义,整租·仓上小区2室1厅南/北,顺义城,3300
中楼层（6层）,67㎡,1室1厅1卫,南农家园,南 北        ,昌平,整租·南农家园1室1厅南/北,南口,2500
低楼层（6层）,30㎡,1室1厅1卫,双榆树北路,南        ,海淀,整租·双榆树北路1室1厅南,双榆树,5500
中楼层（6层）,90㎡,2室2厅1卫,新凤小区,东        ,大兴,整租·新凤小区2室2厅东,大兴其它,2600
高楼层（16层）,78㎡,2室1厅1卫,朝丰家园,南 北        ,朝阳,整租·朝丰家园2室1厅南/北,豆各庄,4500
中楼层（6层）,47㎡,1室1厅1卫,枣营北里,南 北        ,朝阳,整租·枣营北里1室1厅南/北,农展馆,6000
中楼层（18层）,45㎡,1室1厅1卫,惠新里小区,南 北        ,朝阳,整租·惠新里小区1室1厅南/北,惠新西街,5900
高楼层（6层）,35㎡,1室0厅1卫,新悦家园,西        ,昌平,整租·新悦家园1室0厅西,鼓楼大街,2900
高楼层（6层）,65㎡,2室1厅1卫,万源北路9号院,南        ,丰台,整租·万源北路9号院2室1厅南,旧宫,3500
高楼层（5层）,56㎡,2室1厅1卫,后南仓,南 北        ,通州,整租·后南仓2室1厅南/北,万达,3300
低楼层（20层）,40㎡,1室0厅1卫,中海御鑫阁,西        ,丰台,整租·中海御鑫阁1室0厅西,科技园区,4600
高楼层（26层）,48㎡,2房间1卫,旭辉奥都,西        ,朝阳,整租·旭辉奥都2房间西,北苑,5000
低楼层（18层）,45㎡,1室1厅1卫,明光北里,南        ,海淀,整租·明光北里1室1厅南,皂君庙,6000
低楼层（7层）,67㎡,2室1厅1卫,荟康苑,南 北        ,朝阳,整租·荟康苑2室1厅南/北,常营,5300
高楼层（6层）,54㎡,2室1厅1卫,万柳园小区,东 西        ,丰台,整租·万柳园小区2室1厅东/西,玉泉营,4300
高楼层（10层）,50㎡,1室1厅1卫,芳怡园,南 北        ,海淀,整租·芳怡园1室1厅南/北,西北旺,5100
中楼层（6层）,63㎡,2室1厅1卫,东关二条,南 北        ,昌平,整租·东关二条2室1厅南/北,东关,2300
高楼层（6层）,91㎡,1室1厅1卫,天桥湾,南        ,通州,整租·天桥湾1室1厅复式南,万达,3600
低楼层（6层）,63㎡,2室1厅1卫,八里庄北里小区,南 北        ,朝阳,整租·八里庄北里小区2室1厅南/北,石佛营,6000
高楼层（6层）,58㎡,2室1厅1卫,南平里,南 北        ,朝阳,整租·南平里2室1厅南/北,首都机场,4200
低楼层（6层）,65㎡,2室1厅1卫,福苑小区,东 西        ,大兴,整租·福苑小区2室1厅东/西,大兴其它,3000
中楼层（6层）,38㎡,1室1厅1卫,小黄庄,南        ,朝阳,整租·小黄庄1室1厅南,安贞,5200
中楼层（16层）,63㎡,1室1厅1卫,南海家园二里,南 北        ,大兴,整租·南海家园二里1室1厅南/北,大兴其它,3200
中楼层（18层）,58㎡,1房间1卫,琥珀郡,北        ,昌平,整租·琥珀郡1房间北,西关环岛,2800
高楼层（6层）,63㎡,2室1厅1卫,新村二里,南 北        ,丰台,整租·新村二里2室1厅南/北,玉泉营,4200
中楼层（6层）,83㎡,2室2厅1卫,隆盛园,南 北        ,大兴,整租·隆盛园2室2厅南/北,天宫院南,2000
低楼层（6层）,44㎡,1室1厅1卫,松榆西里,南        ,朝阳,整租·松榆西里1室1厅南,潘家园,4300
低楼层（6层）,55㎡,2室1厅1卫,松榆西里,南 北        ,朝阳,整租·松榆西里2室1厅南/北,潘家园,5500
高楼层（4层）,44㎡,2房间2卫,西山洋房,南 西        ,海淀,整租·西山洋房2房间南/西,田村,5000
中楼层（12层）,10㎡,1室1厅1卫,花涧溪,北        ,通州,整租·花涧溪1室1厅北,临河里,2200
高楼层（10层）,58㎡,1室1厅1卫,芳怡园,南        ,海淀,整租·芳怡园1室1厅南,西北旺,5000
低楼层（14层）,32㎡,1室1厅2卫,砖角楼南里,北        ,朝阳,整租·砖角楼南里1室1厅北,和平里,3800
低楼层（22层）,61㎡,1室1厅1卫,东一时区,西南        ,朝阳,整租·东一时区1室1厅西南,双桥,3900
中楼层（13层）,39㎡,1房间1卫,东亚创展国际,东        ,顺义,整租·东亚创展国际1房间东,后沙峪,3300
高楼层（22层）,90㎡,2室2厅1卫,双合家园,南 北        ,朝阳,整租·双合家园2室2厅南/北,垡头,5700
中楼层（18层）,49㎡,1室1厅1卫,南海家园五里,东 东南        ,大兴,整租·南海家园五里1室1厅东/东南,大兴其它,3000
低楼层（6层）,56㎡,1室1厅1卫,南沙滩小区,南        ,朝阳,整租·南沙滩小区1室1厅南,南沙滩,5800
高楼层（6层）,39㎡,1室1厅1卫,复兴路79号院,东北        ,海淀,整租·复兴路79号院1室1厅东北,五棵松,5200
低楼层（11层）,40㎡,1室1厅1卫,宣武门外东大街,南        ,西城,整租·宣武门外东大街1室1厅南,宣武门,6000
高楼层（10层）,50㎡,1室1厅1卫,芳怡园,东        ,海淀,整租·芳怡园1室1厅东,西北旺,5000
低楼层（7层）,43㎡,1室1厅1卫,普惠北里,南        ,海淀,整租·普惠北里1室1厅南,公主坟,5500
中楼层（14层）,65㎡,1室1厅1卫,南湖东园二区,南        ,朝阳,整租·南湖东园二区1室1厅南,望京,5700
低楼层（27层）,76㎡,2室1厅1卫,鸿博家园B区,南        ,朝阳,整租·鸿博家园B区2室1厅南,十八里店,4700
高楼层（5层）,15㎡,1室1厅1卫,甘家口小区,南        ,海淀,整租·甘家口小区1室1厅南,甘家口,3200
低楼层（10层）,53㎡,1室1厅1卫,苹果派,北        ,朝阳,整租·苹果派1室1厅北,常营,5200
低楼层（6层）,68㎡,2室1厅1卫,双兴南区,南 北        ,顺义,整租·双兴南区2室1厅南/北,顺义城,3300
高楼层（6层）,41㎡,1室0厅1卫,台基厂三条,南        ,东城,整租·台基厂三条1室0厅南,前门,5200
中楼层（6层）,105㎡,3室1厅1卫,疃里新村,南 北        ,通州,整租·疃里新村3室1厅南/北,潞苑,3600
中楼层（4层）,18㎡,1室0厅0卫,黄庄小区,南        ,海淀,整租·黄庄小区1室0厅南,中关村,3600
高楼层（5层）,29㎡,1室1厅1卫,花园村小区,南        ,海淀,整租·花园村小区1室1厅南,甘家口,3600
中楼层（14层）,86㎡,3室1厅1卫,铁建大院,北        ,海淀,整租·铁建大院3室1厅北,玉泉路,2300
中楼层（6层）,46㎡,1室1厅1卫,翠微东里,南        ,海淀,整租·翠微东里1室1厅南,公主坟,5500
低楼层（20层）,49㎡,2房间1卫,明天第一城8号院,北        ,朝阳,整租·明天第一城8号院2房间北,立水桥,5000
高楼层（9层）,32㎡,1室1厅0卫,本家润园二期,北        ,东城,整租·本家润园二期1室1厅北,东花市,4700
低楼层（16层）,54㎡,1室1厅1卫,北洼西里,东南        ,海淀,整租·北洼西里1室1厅东南,紫竹桥,5800
低楼层（12层）,49㎡,1室1厅1卫,松榆东里,西南        ,朝阳,整租·松榆东里1室1厅西南,北工大,5300
高楼层（6层）,49㎡,1室1厅1卫,华威北里,南        ,朝阳,整租·华威北里1室1厅南,潘家园,5000
高楼层（6层）,64㎡,1室1厅1卫,西辛南区,南 北        ,顺义,整租·西辛南区1室1厅南/北,顺义城,3000
低楼层（6层）,86㎡,2室1厅1卫,朝阳新城三区,东 西        ,朝阳,整租·朝阳新城三区2室1厅东/西,东坝,5000
高楼层（6层）,53㎡,2室1厅1卫,十里堡北里,南        ,朝阳,整租·十里堡北里2室1厅南,十里堡,5700
高楼层（18层）,87㎡,2室1厅1卫,京通苑,南 北        ,朝阳,整租·京通苑2室1厅南/北,管庄,5300
高楼层（6层）,68㎡,2室1厅1卫,三合南里,南 北        ,大兴,整租·三合南里2室1厅南/北,黄村中,3300
中楼层（21层）,48㎡,1室1厅1卫,中国铁建国际城,南        ,朝阳,整租·中国铁建国际城1室1厅南,北苑,6100
高楼层（6层）,112㎡,3室1厅1卫,港馨家园东区,南 北        ,顺义,整租·港馨家园东区3室1厅南/北,顺义城,2600
地下室（6层）,60㎡,2室1厅1卫,松榆西里,南 北        ,朝阳,整租·松榆西里2室1厅南/北,潘家园,5000
高楼层（6层）,13㎡,1室0厅1卫,鑫兆雅园北区,南        ,丰台,整租·鑫兆雅园北区1室0厅南,刘家窑,3000
高楼层（6层）,54㎡,2室1厅1卫,农光东里,南 北        ,朝阳,整租·农光东里2室1厅南/北,劲松,6000
低楼层（6层）,58㎡,2室1厅1卫,三间房南里4号院,南 北        ,朝阳,整租·三间房南里4号院2室1厅南/北,定福庄,5200
中楼层（9层）,84㎡,2室1厅1卫,首地浣溪谷,南 北        ,大兴,整租·首地浣溪谷2室1厅南/北,大兴其它,3200
中楼层（14层）,57㎡,1室0厅1卫,绿波漫板,东        ,海淀,整租·绿波漫板1室0厅东,四季青,6000
低楼层（30层）,133㎡,3室1厅2卫,永泰园,东        ,海淀,整租·永泰园3室1厅东,清河,6000
高楼层（10层）,72㎡,2室1厅1卫,芳怡园,南 北        ,海淀,整租·芳怡园2室1厅南/北,西北旺,6000
低楼层（21层）,45㎡,1室0厅1卫,考拉社区,西        ,西城,整租·考拉社区1室0厅西,菜户营,4500
高楼层（13层）,48㎡,1房间1卫,西荣阁,北        ,海淀,整租·西荣阁1房间北,四季青,5700
地下室（6层）,86㎡,2室2厅1卫,葡东小区,东 西 北        ,门头沟,整租·葡东小区2室2厅东/西/北,滨河西区,2600
低楼层（12层）,51㎡,1室1厅1卫,嘉园三里,西        ,丰台,整租·嘉园三里1室1厅西,马家堡,4000
中楼层（18层）,75㎡,2室1厅1卫,芍药居4号院,东        ,朝阳,整租·芍药居4号院2室1厅东,芍药居,5000
低楼层（6层）,52㎡,1室1厅1卫,京通苑,南        ,朝阳,整租·京通苑1室1厅南,管庄,3300
高楼层（10层）,45㎡,1室0厅1卫,芳怡园,南        ,海淀,整租·芳怡园1室0厅南,西北旺,4500
高楼层（6层）,65㎡,2室1厅1卫,绿岛苑东区,南 北        ,朝阳,整租·绿岛苑东区2室1厅南/北,定福庄,5300
中楼层（14层）,65㎡,1室1厅1卫,南湖东园二区,南        ,朝阳,整租·南湖东园二区1室1厅南,望京,5700
中楼层（5层）,43㎡,2室1厅2卫,紫竹院南路20号院,南 北        ,海淀,整租·紫竹院南路20号院2室1厅南/北,紫竹桥,4500
低楼层（6层）,63㎡,1室1厅1卫,小康家园,南        ,大兴,整租·小康家园1室1厅南,亦庄,3000
高楼层（7层）,48㎡,1室1厅1卫,安宁里南区,东 西        ,海淀,整租·安宁里南区1室1厅东/西,安宁庄,4100
低楼层（6层）,42㎡,1室1厅1卫,农光东里,南        ,朝阳,整租·农光东里1室1厅南,劲松,5400
高楼层（10层）,39㎡,1室0厅1卫,芳怡园,东        ,海淀,整租·芳怡园1室0厅东,西北旺,4500
高楼层（3层）,52㎡,2室1厅1卫,葛村西里,南 北        ,丰台,整租·葛村西里2室1厅南/北,玉泉营,4600
中楼层（14层）,47㎡,1室1厅1卫,古韵新居,南        ,通州,整租·古韵新居1室1厅南,潞苑,3500
低楼层（24层）,65㎡,2房间1卫,珺悦国际,北        ,大兴,整租·珺悦国际2房间北,天宫院,3400
低楼层（6层）,61㎡,2室2厅1卫,昌平宽街,南 北        ,昌平,整租·昌平宽街2室2厅南/北,鼓楼大街,2800
高楼层（7层）,45㎡,1室1厅1卫,芍药居北里,东        ,朝阳,整租·芍药居北里1室1厅东,芍药居,5700
低楼层（12层）,75㎡,2室1厅1卫,富力尚悦居,南 北        ,通州,整租·富力尚悦居2室1厅南/北,通州其它,3300
地下室（15层）,50㎡,1房间1卫,高巢,南 西        ,海淀,整租·高巢1房间南/西,清河,2700
低楼层（12层）,66㎡,1室1厅1卫,上东上层,北        ,朝阳,整租·上东上层1室1厅北,东坝,4500
中楼层（6层）,42㎡,1室1厅1卫,西幸福街,东南 南        ,丰台,整租·西幸福街1室1厅东南/南,北大地,3000
低楼层（6层）,89㎡,2室1厅1卫,安顺路35号院,南 北        ,通州,整租·安顺路35号院2室1厅南/北,北关,3500
中楼层（16层）,41㎡,1室0厅1卫,金隅瑞和园,南        ,海淀,整租·金隅瑞和园1室0厅南,玉泉路,4200
中楼层（20层）,47㎡,1室1厅1卫,永乐东区,南        ,石景山,整租·永乐东区1室1厅南,鲁谷,3800
低楼层（6层）,52㎡,1室1厅1卫,京通苑,南        ,朝阳,整租·京通苑1室1厅南,管庄,3300
低楼层（12层）,66㎡,1室1厅1卫,上东上层,北        ,朝阳,整租·上东上层1室1厅北,东坝,4500
低楼层（6层）,72㎡,1室1厅1卫,华馨园,东        ,通州,整租·华馨园1室1厅东,通州其它,2750
高楼层（4层）,20㎡,1室0厅1卫,古城南路,南        ,石景山,整租·古城南路1室0厅南,古城,2000
低楼层（14层）,67㎡,2室1厅1卫,芍药居北里,东        ,朝阳,整租·芍药居北里2室1厅东,芍药居,6000
高楼层（20层）,40㎡,1室0厅1卫,中海御鑫阁,西        ,丰台,整租·中海御鑫阁1室0厅西,科技园区,4700
高楼层（10层）,50㎡,1室1厅1卫,芳怡园,西        ,海淀,整租·芳怡园1室1厅西,西北旺,5500
中楼层（20层）,46㎡,2房间1卫,中海城紫鑫阁,北        ,朝阳,整租·中海城紫鑫阁2房间北,成寿寺,5200
高楼层（6层）,57㎡,2室1厅1卫,天坛西里东区,南 北        ,东城,整租·天坛西里东区2室1厅南/北,天坛,6200
中楼层（19层）,61㎡,1室0厅1卫,华发颐园,西        ,朝阳,整租·华发颐园1室0厅西,北苑,5900
低楼层（6层）,89㎡,2室1厅1卫,瑞祥里,南 北        ,朝阳,整租·瑞祥里2室1厅南/北,管庄,5300
高楼层（16层）,15㎡,1室1厅1卫,万泉河62号院,西        ,海淀,整租·万泉河62号院1室1厅西,苏州桥,3700
中楼层（30层）,46㎡,1室1厅1卫,gogo新世代,东        ,丰台,整租·gogo新世代1室1厅东,方庄,4200
中楼层（6层）,61㎡,2室1厅1卫,甘露园南里,南        ,朝阳,整租·甘露园南里2室1厅南,甘露园,4800
低楼层（7层）,30㎡,1室1厅1卫,西木小区,南        ,海淀,整租·西木小区1室1厅南,田村,4000
低楼层（20层）,77㎡,2室1厅1卫,育新花园,西南        ,海淀,整租·育新花园2室1厅西南,西三旗,5500
高楼层（6层）,60㎡,1室1厅1卫,石园西区,南 北        ,顺义,整租·石园西区1室1厅南/北,顺义城,2700
高楼层（5层）,53㎡,2室1厅1卫,机场南路东里,南        ,朝阳,整租·机场南路东里2室1厅南,首都机场,4200
高楼层（6层）,55㎡,2室1厅1卫,小营东路5号院,南 北        ,海淀,整租·小营东路5号院2室1厅南/北,清河,5000
高楼层（7层）,58㎡,1室1厅1卫,安贞里,南 北        ,朝阳,整租·安贞里1室1厅南/北,安贞,5500
中楼层（6层）,83㎡,2室2厅1卫,隆盛园,南 北        ,大兴,整租·隆盛园2室2厅南/北,天宫院南,2000
高楼层（6层）,38㎡,1室1厅1卫,新华街一里,南        ,丰台,整租·新华街一里1室1厅南,看丹桥,3600
高楼层（6层）,51㎡,1室1厅1卫,周庄嘉园东里C区,南        ,朝阳,整租·周庄嘉园东里C区1室1厅南,十里河,4500
低楼层（6层）,51㎡,2室1厅1卫,古城西路,东 西        ,石景山,整租·古城西路2室1厅东/西,古城,4200
中楼层（9层）,54㎡,1室1厅1卫,芳怡园,南        ,海淀,整租·芳怡园1室1厅南,西北旺,5000
低楼层（29层）,59㎡,1室0厅1卫,朗琴园,西        ,西城,整租·朗琴园1室0厅西,广安门,6000
中楼层（5层）,65㎡,2室1厅1卫,水碓子社区,南 北        ,朝阳,整租·水碓子社区2室1厅南/北,团结湖,5500
高楼层（5层）,30㎡,1房间1卫,众美MIMO公馆,北        ,大兴,整租·众美MIMO公馆1房间北,天宫院南,1800
低楼层（23层）,43㎡,1室0厅1卫,明日嘉园,北        ,丰台,整租·明日嘉园1室0厅北,马家堡,4500
高楼层（29层）,76㎡,2室1厅1卫,天龙华鹤,西南        ,丰台,整租·天龙华鹤2室1厅西南,科技园区,4500
低楼层（6层）,41㎡,1室1厅1卫,磨房南里,南        ,朝阳,整租·磨房南里1室1厅南,北工大,4500
高楼层（6层）,65㎡,2室1厅1卫,四合巷小区,南 北        ,房山,整租·四合巷小区2室1厅南/北,良乡,2300
中楼层（14层）,44㎡,1室1厅1卫,光熙门北里,南        ,朝阳,整租·光熙门北里1室1厅南,西坝河,5600
低楼层（9层）,58㎡,1室1厅1卫,金色漫香郡北区,南        ,大兴,整租·金色漫香郡北区1室1厅南,大兴其它,2300
高楼层（7层）,205㎡,1室2厅1卫,天通苑东二区,南 北        ,昌平,整租·天通苑东二区1室2厅南/北,天通苑,3500
高楼层（6层）,50㎡,1室1厅1卫,天华公馆,西        ,东城,整租·天华公馆1室1厅西,崇文门,5500
低楼层（27层）,76㎡,2室1厅1卫,鸿博家园B区,南        ,朝阳,整租·鸿博家园B区2室1厅南,十八里店,4700
高楼层（5层）,15㎡,1室1厅1卫,甘家口小区,南        ,海淀,整租·甘家口小区1室1厅南,甘家口,3200
低楼层（19层）,72㎡,2室1厅1卫,正阳小区,西        ,丰台,整租·正阳小区2室1厅西,北大地,4500
中楼层（12层）,50㎡,1室1厅1卫,双榆树东里,南        ,海淀,整租·双榆树东里1室1厅南,双榆树,5500
低楼层（6层）,56㎡,2室1厅1卫,桃园南街10号院,南        ,东城,整租·桃园南街10号院2室1厅南,永定门,2500
低楼层（6层）,41㎡,1室1厅1卫,磨房南里,南        ,朝阳,整租·磨房南里1室1厅南,北工大,4500
高楼层（6层）,52㎡,2室1厅1卫,大红门南里,南 北        ,丰台,整租·大红门南里2室1厅南/北,赵公口,4600
中楼层（14层）,58㎡,1室1厅1卫,加州水郡四期,南        ,房山,整租·加州水郡四期1室1厅南,长阳,2700
高楼层（21层）,63㎡,1室1厅1卫,晓月新苑,南        ,丰台,整租·晓月新苑1室1厅南,卢沟桥,3600
中楼层（14层）,31㎡,2房间1卫,旭辉E天地,北        ,房山,整租·旭辉E天地2房间跃层北,良乡,2300
高楼层（20层）,60㎡,1室1厅1卫,鹿海园五里,南        ,大兴,整租·鹿海园五里1室1厅南,大兴其它,3200
中楼层（8层）,49㎡,1室1厅1卫,保利西山林语,南        ,海淀,整租·保利西山林语1室1厅南,海淀北部新区,4500
高楼层（15层）,59㎡,1室1厅1卫,瀛海家园畅园C区,南        ,大兴,整租·瀛海家园畅园C区1室1厅南,瀛海,2800
低楼层（20层）,38㎡,1室0厅1卫,青年汇佳园,北        ,朝阳,整租·青年汇佳园1室0厅北,朝青,5400
地下室（6层）,70㎡,2室1厅1卫,平原里小区,南 北        ,西城,整租·平原里小区2室1厅南/北,牛街,5000
中楼层（32层）,50㎡,1室1厅1卫,天畅园,东北        ,朝阳,整租·天畅园1室1厅东北,奥林匹克公园,5500
中楼层（32层）,44㎡,1室0厅1卫,天居园,西        ,朝阳,整租·天居园1室0厅西,奥林匹克公园,5600
低楼层（14层）,98㎡,1室1厅1卫,珠江逸景,西        ,通州,整租·珠江逸景1室1厅西,马驹桥,2200
高楼层（6层）,50㎡,1室1厅1卫,维尼纶家属楼,南        ,顺义,整租·维尼纶家属楼1室1厅南,马坡,1500
低楼层（19层）,72㎡,2室1厅1卫,正阳小区,西        ,丰台,整租·正阳小区2室1厅西,北大地,4500
地下室,20㎡,1室0厅0卫,长阳半岛怡和路8号院,东        ,房山,整租·长阳半岛怡和路8号院1室0厅东,长阳,800
地下室（6层）,86㎡,2室2厅1卫,葡东小区,东 西 北        ,门头沟,整租·葡东小区2室2厅东/西/北,滨河西区,2600
低楼层（28层）,62㎡,2室1厅1卫,炫特嘉园一期,东北        ,朝阳,整租·炫特嘉园一期2室1厅东北,石佛营,5500
中楼层（6层）,53㎡,2室1厅1卫,蒲安里,南        ,丰台,整租·蒲安里2室1厅南,蒲黄榆,4200
地下室,20㎡,1室0厅0卫,长阳半岛怡和路8号院,东        ,房山,整租·长阳半岛怡和路8号院1室0厅东,长阳,800
地下室（6层）,54㎡,2室1厅1卫,德宝新园,南 北        ,西城,整租·德宝新园2室1厅南/北,西直门,5000
中楼层（14层）,65㎡,1室1厅1卫,南湖东园二区,南        ,朝阳,整租·南湖东园二区1室1厅南,望京,5700
高楼层（25层）,40㎡,1室0厅1卫,炫特嘉园三期,北        ,朝阳,整租·炫特嘉园三期1室0厅北,石佛营,5200
中楼层（6层）,55㎡,2室1厅1卫,德茂小区,南 北        ,大兴,整租·德茂小区2室1厅南/北,瀛海,3400
高楼层（27层）,86㎡,2室1厅1卫,泰福苑D3区,南 北        ,朝阳,整租·泰福苑D3区2室1厅南/北,定福庄,5800
低楼层（10层）,50㎡,1室1厅1卫,芳怡园,东        ,海淀,整租·芳怡园1室1厅东,西北旺,6000
高楼层（4层）,67㎡,1室1厅1卫,温泉花园B区,南 北        ,昌平,整租·温泉花园B区1室1厅南/北,北七家,2800
低楼层（1层）,17㎡,1室0厅1卫,小厂胡同,北        ,东城,整租·小厂胡同1室0厅北,地安门,3500
高楼层（6层）,90㎡,1室1厅1卫,星岛嘉园,南        ,亦庄开发区,整租·星岛嘉园1室1厅南,亦庄,3200
高楼层（6层）,8㎡,1室1厅1卫,小南庄社区,北        ,海淀,整租·小南庄社区1室1厅北,苏州桥,3000
中楼层（32层）,44㎡,1室0厅1卫,天居园,西        ,朝阳,整租·天居园1室0厅西,奥林匹克公园,5600
地下室（6层）,70㎡,2室1厅1卫,平原里小区,南 北        ,西城,整租·平原里小区2室1厅南/北,牛街,5000
高楼层（6层）,55㎡,2室1厅1卫,通惠小区,南 北        ,通州,整租·通惠小区2室1厅南/北,北关,2600
中楼层（7层）,48㎡,1室1厅1卫,西潞园四里,南        ,房山,整租·西潞园四里1室1厅南,良乡,1800
高楼层（6层）,56㎡,2室1厅1卫,花家地小区,南 北        ,朝阳,整租·花家地小区2室1厅南/北,望京,6000
高楼层（6层）,40㎡,1室1厅1卫,枣营北里,东        ,朝阳,整租·枣营北里1室1厅东,农展馆,5000
低楼层（7层）,130㎡,2室1厅1卫,天通苑北三区,南 北        ,昌平,整租·天通苑北三区2室1厅南/北,天通苑,3500
中楼层（29层）,78㎡,2室2厅1卫,金隅悦和园,南        ,朝阳,整租·金隅悦和园2室2厅南,东坝,5000
高楼层（7层）,73㎡,2室1厅1卫,海特花园小区,南 北        ,石景山,整租·海特花园小区2室1厅南/北,苹果园,4300
低楼层（6层）,75㎡,2室1厅1卫,如意园,南 北        ,通州,整租·如意园2室1厅南/北,万达,3600
高楼层（5层）,53㎡,2室1厅1卫,首都机场南路西里,南 北        ,朝阳,整租·首都机场南路西里2室1厅南/北,首都机场,3200
中楼层（6层）,51㎡,1室1厅1卫,金丰园,南        ,丰台,整租·金丰园1室1厅南,玉泉营,4500
中楼层（7层）,28㎡,1室0厅1卫,兴隆都市馨园,南        ,东城,整租·兴隆都市馨园1室0厅南,崇文门,5200
中楼层（14层）,53㎡,2室1厅1卫,珠江逸景,东        ,通州,整租·珠江逸景2室1厅东,马驹桥,3200
低楼层（17层）,54㎡,1室1厅1卫,小关北里24号院,南        ,朝阳,整租·小关北里24号院1室1厅南,惠新西街,5500
高楼层（6层）,39㎡,1室1厅1卫,赵山供电局宿舍,南        ,石景山,整租·赵山供电局宿舍1室1厅南,苹果园,3300
高楼层（16层）,78㎡,3室1厅1卫,复兴路46号院,南 西        ,海淀,整租·复兴路46号院3室1厅南/西,玉泉路,2500
低楼层（15层）,60㎡,1室1厅1卫,凯盛家园,南        ,海淀,整租·凯盛家园1室1厅南,海淀北部新区,3800
高楼层（6层）,90㎡,1室1厅1卫,星岛嘉园,南        ,亦庄开发区,整租·星岛嘉园1室1厅南,亦庄,3200
高楼层（6层）,8㎡,1室1厅1卫,小南庄社区,北        ,海淀,整租·小南庄社区1室1厅北,苏州桥,3000
低楼层（4层）,40㎡,1室1厅1卫,科源小区,南 北        ,海淀,整租·科源小区1室1厅南/北,五道口,5000
高楼层（12层）,51㎡,1室1厅1卫,农光里,南        ,朝阳,整租·农光里1室1厅南,劲松,4800
地下室（6层）,45㎡,1室1厅1卫,湾子街社区,东 西        ,西城,整租·湾子街社区1室1厅东/西,太平桥,3800
低楼层（6层）,74㎡,2室1厅1卫,吉祥园,南 北        ,通州,整租·吉祥园2室1厅南/北,万达,3500
高楼层（11层）,67㎡,2室1厅1卫,柏林爱乐三期,东        ,朝阳,整租·柏林爱乐三期2室1厅东,常营,6000
低楼层（7层）,55㎡,2室1厅1卫,六里屯东里,南 北        ,朝阳,整租·六里屯东里2室1厅南/北,甜水园,5000
低楼层（1层）,12㎡,1室0厅0卫,永恒胡同,南        ,东城,整租·永恒胡同1室0厅南,安定门,2800
低楼层（6层）,18㎡,1室1厅1卫,十万坪,南 北        ,石景山,整租·十万坪1室1厅南/北,古城,2500
高楼层（10层）,43㎡,1室0厅1卫,芳怡园,东        ,海淀,整租·芳怡园1室0厅东,西北旺,4000
高楼层（4层）,27㎡,1室0厅1卫,光华里社区,南        ,朝阳,整租·光华里社区1室0厅南,CBD,5500
中楼层（6层）,83㎡,2室2厅1卫,隆盛园,南 北        ,大兴,整租·隆盛园2室2厅南/北,天宫院南,2000
地下室,30㎡,1室0厅0卫,政馨园一区,南        ,丰台,整租·政馨园一区1室0厅南,宋家庄,420
低楼层（6层）,50㎡,2室1厅1卫,射击家属院,南        ,石景山,整租·射击家属院2室1厅南,苹果园,3000
低楼层（18层）,56㎡,1室1厅1卫,润枫领尚,东 北        ,通州,整租·润枫领尚1室1厅东/北,通州其它,3500
低楼层（34层）,83㎡,2室1厅1卫,广安﹒康馨家园,南 北        ,丰台,整租·广安﹒康馨家园2室1厅南/北,青塔,4600
低楼层（6层）,56㎡,1室1厅1卫,鹿海园三里,南 北        ,大兴,整租·鹿海园三里1室1厅南/北,大兴其它,3200
中楼层（20层）,48㎡,1室0厅1卫,天伦锦城,南        ,丰台,整租·天伦锦城1室0厅南,花乡,3700
高楼层（20层）,65㎡,2房间1卫,明天第一城7号院,南        ,朝阳,整租·明天第一城7号院2房间南,立水桥,5500
高楼层（6层）,65㎡,2室1厅1卫,科印小区,南 北        ,通州,整租·科印小区2室1厅南/北,通州北苑,3400
低楼层（18层）,97㎡,2室1厅1卫,时尚街区西区,西北        ,通州,整租·时尚街区西区2室1厅西北,梨园,3500
中楼层（6层）,11㎡,1室0厅1卫,五建小区,南        ,朝阳,整租·五建小区1室0厅南,定福庄,2300
地下室（6层）,57㎡,2室1厅1卫,芍药居2号院,南 北        ,朝阳,整租·芍药居2号院2室1厅南/北,芍药居,5800
高楼层（6层）,55㎡,2室1厅1卫,军庄杨坨小区,南 北        ,门头沟,整租·军庄杨坨小区2室1厅南/北,门头沟其它,2000
高楼层（16层）,15㎡,1室1厅1卫,万泉河62号院,西        ,海淀,整租·万泉河62号院1室1厅西,苏州桥,3700
低楼层（12层）,75㎡,2室1厅1卫,富力尚悦居,南 北        ,通州,整租·富力尚悦居2室1厅南/北,通州其它,3300
地下室（15层）,50㎡,1房间1卫,高巢,南 西        ,海淀,整租·高巢1房间南/西,清河,2700
高楼层（6层）,64㎡,1室1厅1卫,西辛南区,南 北        ,顺义,整租·西辛南区1室1厅南/北,顺义城,3000
中楼层（6层）,40㎡,1室1厅1卫,酒仙桥八街坊,南        ,朝阳,整租·酒仙桥八街坊1室1厅南,酒仙桥,5000
低楼层（1层）,12㎡,1室0厅0卫,鼓楼西大街,西        ,西城,整租·鼓楼西大街1室0厅西,六铺炕,3000
高楼层（16层）,43㎡,1室1厅1卫,安装宿舍,南        ,海淀,整租·安装宿舍1室1厅南,定慧寺,4800
高楼层（15层）,59㎡,1室1厅1卫,瀛海家园畅园C区,南        ,大兴,整租·瀛海家园畅园C区1室1厅南,瀛海,2800
低楼层（20层）,38㎡,1室0厅1卫,青年汇佳园,北        ,朝阳,整租·青年汇佳园1室0厅北,朝青,5400
中楼层（24层）,89㎡,2室2厅1卫,保利嘉园三号院,南 西 北        ,朝阳,整租·保利嘉园三号院2室2厅南/西/北,常营,5800
高楼层（10层）,42㎡,2室1厅1卫,房山超级蜂巢,西        ,房山,整租·房山超级蜂巢2室1厅西,良乡,2300
低楼层（5层）,36㎡,3室1厅1卫,芍药居5号院,南        ,朝阳,整租·芍药居5号院3室1厅南,芍药居,3900
高楼层（6层）,53㎡,2室1厅1卫,十里堡北里,南        ,朝阳,整租·十里堡北里2室1厅南,十里堡,5700
中楼层（10层）,40㎡,1室0厅1卫,芳怡园,东        ,海淀,整租·芳怡园1室0厅东,西北旺,4500
低楼层（14层）,67㎡,1室1厅1卫,银地家园,西        ,丰台,整租·银地家园1室1厅西,花乡,4700
高楼层（12层）,58㎡,1室0厅1卫,当代城市家园,南        ,海淀,整租·当代城市家园1室0厅南,上地,5800
高楼层（5层）,56㎡,2室1厅1卫,南平里,南 北        ,朝阳,整租·南平里2室1厅南/北,首都机场,3600
高楼层（14层）,8㎡,1室1厅1卫,银丰大厦,西        ,海淀,整租·银丰大厦1室1厅西,苏州桥,3500
中楼层（6层）,42㎡,1室1厅1卫,左家庄北里,南        ,朝阳,整租·左家庄北里1室1厅南,国展,4000
低楼层（23层）,43㎡,1室0厅1卫,明日嘉园,北        ,丰台,整租·明日嘉园1室0厅北,马家堡,4500
低楼层（21层）,42㎡,1室0厅1卫,金泰丽湾悦栖山,南        ,门头沟,整租·金泰丽湾悦栖山1室0厅南,大峪,2200
中楼层（30层）,46㎡,1室1厅1卫,gogo新世代,东        ,丰台,整租·gogo新世代1室1厅东,方庄,4200
高楼层（5层）,37㎡,2室0厅1卫,八角路小区,南 北        ,石景山,整租·八角路小区2室0厅南/北,八角,2700
低楼层（16层）,50㎡,2室1厅1卫,京城仁合,南        ,东城,整租·京城仁合2室1厅南,广渠门,5900
地下室（6层）,59㎡,2室1厅2卫,潘家园东里,南 北        ,朝阳,整租·潘家园东里2室1厅南/北,潘家园,5000
中楼层（6层）,42㎡,1室1厅1卫,芳园南里,南        ,朝阳,整租·芳园南里1室1厅南,酒仙桥,5500
中楼层（22层）,55㎡,1室1厅1卫,东一时区,东北        ,朝阳,整租·东一时区1室1厅东北,双桥,4200
中楼层（5层）,65㎡,2室1厅1卫,水碓子社区,南 北        ,朝阳,整租·水碓子社区2室1厅南/北,团结湖,5500
高楼层（4层）,67㎡,1室1厅1卫,温泉花园B区,南 北        ,昌平,整租·温泉花园B区1室1厅南/北,北七家,2800
低楼层（6层）,44㎡,1室1厅1卫,至善街4号,西        ,丰台,整租·至善街4号1室1厅西,和义,3000
低楼层（1层）,17㎡,1室1厅0卫,东棉花胡同,东南        ,东城,整租·东棉花胡同1室1厅东南,地安门,5000
高楼层（6层）,45㎡,1室1厅1卫,北窑地,南        ,朝阳,整租·北窑地1室1厅南,大山子,3999
中楼层（6层）,42㎡,1室1厅1卫,金顶街九中教工楼,南        ,石景山,整租·金顶街九中教工楼1室1厅南,苹果园,3200
高楼层（6层）,56㎡,2室1厅1卫,金沟河2号院,东 西        ,海淀,整租·金沟河2号院2室1厅东/西,五棵松,5700
高楼层（6层）,69㎡,2室1厅1卫,惠泽家园,南        ,门头沟,整租·惠泽家园2室1厅南,门头沟其它,2300
中楼层（18层）,75㎡,2室1厅1卫,芍药居4号院,东        ,朝阳,整租·芍药居4号院2室1厅东,芍药居,5000
高楼层（5层）,98㎡,2室2厅1卫,蓝调沙龙东区,南 北        ,通州,整租·蓝调沙龙东区2室2厅南/北,九棵树(家乐福),3600
低楼层（6层）,25㎡,1室1厅1卫,稻香园西里,南        ,海淀,整租·稻香园西里1室1厅南,苏州桥,4200
低楼层（22层）,61㎡,1室1厅1卫,东一时区,西南        ,朝阳,整租·东一时区1室1厅西南,双桥,3900
中楼层（12层）,29㎡,1室1厅1卫,荣丰2008,北        ,西城,整租·荣丰20081室1厅北,广安门,3100
低楼层（5层）,64㎡,2室1厅1卫,农行家属院,南        ,通州,整租·农行家属院2室1厅南,武夷花园,3200
中楼层（3层）,60㎡,2室1厅1卫,百万庄丑区,西 北        ,西城,整租·百万庄丑区2室1厅西/北,阜成门,6000
高楼层（11层）,45㎡,2室0厅1卫,宣武门外东大街,南 北        ,西城,整租·宣武门外东大街2室0厅南/北,宣武门,5900
高楼层（6层）,64㎡,2室1厅1卫,南平里,东南        ,朝阳,整租·南平里2室1厅东南,首都机场,1300
高楼层（5层）,30㎡,1房间1卫,众美MIMO公馆,北        ,大兴,整租·众美MIMO公馆1房间北,天宫院南,1800
地下室（6层）,58㎡,2室1厅1卫,光辉南里,南 北        ,朝阳,整租·光辉南里2室1厅南/北,CBD,4500
高楼层（4层）,18㎡,1室0厅0卫,科育小区,南        ,海淀,整租·科育小区1室0厅南,中关村,4300
高楼层（6层）,58㎡,1室1厅1卫,绿丰家园,南 北        ,朝阳,整租·绿丰家园1室1厅南/北,朝阳其它,3300
地下室（4层）,91㎡,2室1厅1卫,水屯家园,南 北        ,昌平,整租·水屯家园2室1厅南/北,西关环岛,2200
高楼层（7层）,36㎡,1室1厅1卫,樱花园二区,南 北        ,顺义,整租·樱花园二区1室1厅南/北,李桥,1900
高楼层（6层）,49㎡,1室1厅1卫,永泰东里,西        ,海淀,整租·永泰东里1室1厅西,清河,4300
高楼层（6层）,56㎡,2室1厅1卫,富强东里,东 西        ,大兴,整租·富强东里2室1厅东/西,黄村中,2900
高楼层（6层）,59㎡,2室1厅1卫,横五条,东 西        ,丰台,整租·横五条2室1厅东/西,刘家窑,4500
低楼层（6层）,42㎡,1室1厅1卫,幸福东区,南 北        ,顺义,整租·幸福东区1室1厅南/北,顺义城,2800
中楼层（6层）,40㎡,1室1厅1卫,丰西北里,南        ,丰台,整租·丰西北里1室1厅南,五里店,2600
高楼层（20层）,67㎡,1室1厅1卫,万象新天四区,西北        ,朝阳,整租·万象新天四区1室1厅西北,常营,6000
高楼层（6层）,62㎡,2室1厅1卫,七贤村,东 南 北        ,海淀,整租·七贤村2室1厅东/南/北,紫竹桥,5500
中楼层（6层）,86㎡,2室1厅1卫,三槐家园东区,南 北        ,大兴,整租·三槐家园东区2室1厅南/北,瀛海,3500
高楼层（33层）,60㎡,1室1厅1卫,海华堂,东        ,朝阳,整租·海华堂1室1厅东,十里堡,5500
高楼层（12层）,51㎡,1室1厅1卫,农光里,南        ,朝阳,整租·农光里1室1厅南,劲松,4800
高楼层（6层）,49㎡,1室1厅1卫,永泰东里,西        ,海淀,整租·永泰东里1室1厅西,清河,4300
低楼层（7层）,38㎡,1室1厅1卫,如意里,南        ,西城,整租·如意里1室1厅南,新街口,4500
地下室（6层）,44㎡,1室1厅1卫,东大桥东里,东        ,朝阳,整租·东大桥东里1室1厅东,东大桥,4500
低楼层（7层）,38㎡,1室1厅1卫,如意里,南        ,西城,整租·如意里1室1厅南,新街口,4500
低楼层（1层）,22㎡,1室1厅0卫,东四八条,东        ,东城,整租·东四八条1室1厅东,东四,3500
高楼层（5层）,43㎡,1室1厅1卫,北环里小区,西 北        ,昌平,整租·北环里小区1室1厅西/北,鼓楼大街,2500
地下室（6层）,42㎡,1室1厅1卫,志强园,南        ,海淀,整租·志强园1室1厅南,小西天,4700
高楼层（11层）,18㎡,1室0厅1卫,新奥洋房,东 南        ,东城,整租·新奥洋房1室0厅东/南,永定门,2500
高楼层（24层）,48㎡,1室1厅1卫,鸿坤理想城八期,南        ,大兴,整租·鸿坤理想城八期1室1厅南,西红门,3500
地下室（6层）,50㎡,2室1厅1卫,金蝉北里21号院,南 北        ,朝阳,整租·金蝉北里21号院2室1厅南/北,垡头,3500
中楼层（6层）,47㎡,2室1厅1卫,金顶街四区,南 北        ,石景山,整租·金顶街四区2室1厅南/北,苹果园,4000
中楼层（6层）,36㎡,1室1厅1卫,大红门东门里,西北        ,丰台,整租·大红门东门里1室1厅西北,大红门,3500
中楼层（6层）,50㎡,1室1厅1卫,金沟河5号院,东 西        ,海淀,整租·金沟河5号院1室1厅东/西,五棵松,4800
地下室（6层）,51㎡,2室1厅1卫,八角北路11号院,南 北        ,石景山,整租·八角北路11号院2室1厅南/北,杨庄,3500
地下室（5层）,40㎡,1室1厅1卫,伟业嘉园西里,北        ,房山,整租·伟业嘉园西里1室1厅北,良乡,1500
低楼层（6层）,53㎡,2室1厅1卫,南苑西路56号院,南        ,丰台,整租·南苑西路56号院2室1厅南,新宫,4600
中楼层（16层）,80㎡,2室1厅1卫,领地OFFICE,南        ,朝阳,整租·领地OFFICE2室1厅南,北苑,5900
低楼层（8层）,82㎡,2室1厅1卫,北街家园一区,南 北        ,昌平,整租·北街家园一区2室1厅南/北,沙河,3000
高楼层（6层）,46㎡,1室1厅1卫,北城根小区,南        ,昌平,整租·北城根小区1室1厅南,鼓楼大街,2300
地下室（6层）,44㎡,1室1厅1卫,东大桥东里,东        ,朝阳,整租·东大桥东里1室1厅东,东大桥,4500
低楼层（8层）,82㎡,2室1厅1卫,北街家园一区,南 北        ,昌平,整租·北街家园一区2室1厅南/北,沙河,3000
高楼层（5层）,91㎡,2室2厅1卫,都市芳园丽湖园,南 北        ,昌平,整租·都市芳园丽湖园2室2厅南/北,天通苑,4000
低楼层（15层）,81㎡,2室1厅1卫,蓝桥驿苑,南 北        ,大兴,整租·蓝桥驿苑2室1厅南/北,大兴其它,2500
高楼层（6层）,54㎡,2室1厅1卫,南厂住宅西区,南 北        ,昌平,整租·南厂住宅西区2室1厅南/北,南口,1800
高楼层（7层）,50㎡,1室1厅1卫,高鑫家园,南 北        ,丰台,整租·高鑫家园1室1厅南/北,科技园区,3200
低楼层（6层）,61㎡,2室1厅1卫,古城西路,东 西        ,石景山,整租·古城西路2室1厅东/西,古城,3000
高楼层（10层）,33㎡,1室0厅1卫,北京青年城,北        ,朝阳,整租·北京青年城1室0厅北,北苑,4200
中楼层（16层）,48㎡,1室0厅1卫,首开熙悦睿府书香,南        ,房山,整租·首开熙悦睿府书香1室0厅南,良乡,2500
低楼层（6层）,61㎡,2室1厅1卫,北苑15号院,南 北        ,通州,整租·北苑15号院2室1厅南/北,通州北苑,3500
高楼层（6层）,43㎡,1室1厅1卫,花家地小区,南        ,朝阳,整租·花家地小区1室1厅南,望京,5500
高楼层（6层）,60㎡,2室1厅1卫,永泰庄6号院,南 北        ,海淀,整租·永泰庄6号院2室1厅南/北,清河,5600
高楼层（6层）,52㎡,1室1厅1卫,梨园东里,南 北        ,通州,整租·梨园东里1室1厅南/北,梨园,2800
中楼层（7层）,96㎡,2室1厅1卫,温泉东里,南 北        ,朝阳,整租·温泉东里2室1厅南/北,双桥,5000
低楼层（7层）,62㎡,1室1厅1卫,金惠园三里南区,南 北        ,大兴,整租·金惠园三里南区1室1厅南/北,黄村北,2800
地下室（6层）,45㎡,1室1厅1卫,湾子街社区,东 西        ,西城,整租·湾子街社区1室1厅东/西,太平桥,3800
高楼层（26层）,19㎡,1室0厅1卫,荣丰2008,西        ,西城,整租·荣丰20081室0厅西,广安门,3400
低楼层（28层）,12㎡,1室1厅1卫,广安﹒康馨家园,北        ,丰台,整租·广安﹒康馨家园1室1厅北,青塔,2500
高楼层（6层）,46㎡,1室1厅1卫,北城根小区,南        ,昌平,整租·北城根小区1室1厅南,鼓楼大街,2300
低楼层（14层）,30㎡,1室1厅1卫,首创紫悦台,北        ,房山,整租·首创紫悦台1室1厅北,良乡,2500
高楼层（6层）,42㎡,1室1厅1卫,新桥南大街,南        ,门头沟,整租·新桥南大街1室1厅南,滨河西区,2300
高楼层（17层）,33㎡,1室0厅1卫,香悦四季,北        ,顺义,整租·香悦四季1室0厅北,马坡,2200
低楼层（18层）,41㎡,1室1厅1卫,双龙南里,南        ,朝阳,整租·双龙南里1室1厅南,华威桥,4700
高楼层（28层）,55㎡,1室1厅1卫,华贸城,西南        ,朝阳,整租·华贸城1室1厅西南,北苑,5700
高楼层（6层）,57㎡,2室1厅1卫,双龙南里,东 西        ,朝阳,整租·双龙南里2室1厅东/西,华威桥,5300
低楼层（4层）,60㎡,2室1厅1卫,化肥厂家属楼,南 北        ,顺义,整租·化肥厂家属楼2室1厅南/北,顺义城,1500
高楼层（6层）,42㎡,1室1厅1卫,康家园,南        ,朝阳,整租·康家园1室1厅南,甘露园,4300
低楼层（28层）,60㎡,1室1厅1卫,北京新天地一期,北        ,朝阳,整租·北京新天地一期1室1厅北,常营,5300
高楼层（12层）,43㎡,1室0厅1卫,新华联家园北区,北        ,通州,整租·新华联家园北区1室0厅北,果园,3500
低楼层（18层）,78㎡,2室1厅1卫,芍药居4号院,东        ,朝阳,整租·芍药居4号院2室1厅东,芍药居,5900
高楼层（6层）,51㎡,2室1厅1卫,北大街南里,南 北        ,丰台,整租·北大街南里2室1厅南/北,北大地,4000
低楼层（6层）,25㎡,1室0厅0卫,和平门外西里,南        ,西城,整租·和平门外西里1室0厅南,宣武门,3200
中楼层（16层）,67㎡,2室1厅1卫,定福家园2号院,西北        ,朝阳,整租·定福家园2号院2室1厅西北,定福庄,5300
低楼层（14层）,43㎡,1室1厅1卫,香河园北里,东        ,东城,整租·香河园北里1室1厅东,东直门,6000
高楼层（6层）,59㎡,2室1厅1卫,丰西北里,南 北        ,丰台,整租·丰西北里2室1厅南/北,五里店,2700
高楼层（6层）,64㎡,2室1厅1卫,南平里,东南        ,朝阳,整租·南平里2室1厅东南,首都机场,1300
中楼层（3层）,60㎡,2室1厅1卫,百万庄丑区,西 北        ,西城,整租·百万庄丑区2室1厅西/北,阜成门,6000
低楼层（28层）,12㎡,1室1厅1卫,广安﹒康馨家园,北        ,丰台,整租·广安﹒康馨家园1室1厅北,青塔,2500
低楼层（6层）,15㎡,1室0厅0卫,核二院,南        ,海淀,整租·核二院1室0厅南,定慧寺,2650
高楼层（6层）,40㎡,1室1厅1卫,万柳园小区,南        ,丰台,整租·万柳园小区1室1厅南,玉泉营,3500
中楼层（9层）,63㎡,1室1厅1卫,美丽西园,南        ,海淀,整租·美丽西园1室1厅南,四季青,5500
低楼层（6层）,58㎡,2室1厅1卫,果园225号旁门,南 北        ,通州,整租·果园225号旁门2室1厅南/北,果园,3500
低楼层（1层）,15㎡,1室0厅0卫,花园胡同,西        ,东城,整租·花园胡同1室0厅西,安定门,2800
中楼层（28层）,79㎡,2室1厅1卫,燕保祈东家园,南 北        ,朝阳,整租·燕保祈东家园2室1厅南/北,垡头,4800
高楼层（6层）,61㎡,2室1厅1卫,泥洼路5号院,南        ,丰台,整租·泥洼路5号院2室1厅南,七里庄,4500
高楼层（7层）,60㎡,1室1厅1卫,大屯里小区,南        ,朝阳,整租·大屯里小区1室1厅南,亚运村,5500
高楼层（6层）,61㎡,2室1厅1卫,永顺南街234号院,南 北        ,通州,整租·永顺南街234号院2室1厅南/北,万达,2500
中楼层（7层）,75㎡,2室1厅1卫,建业苑,东 西        ,朝阳,整租·建业苑2室1厅东/西,劲松,5200
低楼层（6层）,44㎡,1室1厅1卫,至善街4号,西        ,丰台,整租·至善街4号1室1厅西,和义,3000
高楼层（10层）,42㎡,2室1厅1卫,房山超级蜂巢,西        ,房山,整租·房山超级蜂巢2室1厅西,良乡,2300
中楼层（5层）,52㎡,2室1厅1卫,建新北区,南        ,顺义,整租·建新北区2室1厅南,顺义城,3200
低楼层（18层）,71㎡,1室0厅1卫,北街家园八区,西        ,昌平,整租·北街家园八区1室0厅西,沙河,2500
高楼层（6层）,83㎡,2室1厅1卫,康盛园,南 北        ,大兴,整租·康盛园2室1厅南/北,高米店南,3500
高楼层（6层）,60㎡,2室1厅1卫,青塔芳园,南 北        ,丰台,整租·青塔芳园2室1厅南/北,青塔,3800
中楼层（6层）,20㎡,1室1厅1卫,方南家园一期,东        ,丰台,整租·方南家园一期1室1厅东,刘家窑,3000
高楼层（4层）,17㎡,1室0厅0卫,友谊社区,南        ,海淀,整租·友谊社区1室0厅南,苏州桥,3200
低楼层（15层）,60㎡,1室1厅1卫,凯盛家园,南        ,海淀,整租·凯盛家园1室1厅南,海淀北部新区,3800
中楼层（6层）,11㎡,1室0厅1卫,五建小区,南        ,朝阳,整租·五建小区1室0厅南,定福庄,2300
低楼层（1层）,40㎡,1室1厅1卫,天秀花园澄秀园,北        ,海淀,整租·天秀花园澄秀园1室1厅北,马连洼,4600
高楼层（14层）,8㎡,1室1厅1卫,银丰大厦,西        ,海淀,整租·银丰大厦1室1厅西,苏州桥,3500
高楼层（5层）,11㎡,1室1厅1卫,翠微南里,南        ,海淀,整租·翠微南里1室1厅南,公主坟,3300
高楼层（6层）,81㎡,2室1厅1卫,温泉花园B区,南 北        ,昌平,整租·温泉花园B区2室1厅南/北,北七家,3000
高楼层（7层）,73㎡,2室1厅1卫,安宁里南区,南 北        ,海淀,整租·安宁里南区2室1厅南/北,安宁庄,5400
中楼层（22层）,86㎡,2室1厅1卫,东一时区,东北        ,朝阳,整租·东一时区2室1厅东北,双桥,4800
高楼层（6层）,62㎡,1室1厅1卫,铁路宿舍,南 北        ,通州,整租·铁路宿舍1室1厅南/北,通州北苑,3300
中楼层（14层）,65㎡,2室1厅1卫,友谊嘉园一期,西        ,海淀,整租·友谊嘉园一期2室1厅西,海淀北部新区,4800
低楼层（7层）,69㎡,2室1厅1卫,枣园小区,南 北        ,大兴,整租·枣园小区2室1厅南/北,枣园,3500
中楼层（23层）,33㎡,1室0厅1卫,国融国际,南        ,亦庄开发区,整租·国融国际1室0厅南,亦庄,3500
高楼层（28层）,51㎡,1室1厅1卫,顺兴街17号院,南        ,顺义,整租·顺兴街17号院1室1厅南,马坡,2400
高楼层（15层）,92㎡,2室1厅1卫,安河家园,南 北        ,海淀,整租·安河家园2室1厅南/北,海淀其它,5000
低楼层（16层）,88㎡,2室1厅1卫,恒华安纳湖,南 北        ,顺义,整租·恒华安纳湖2室1厅南/北,马坡,3100
低楼层（16层）,66㎡,2室1厅1卫,城华园,西南        ,海淀,整租·城华园2室1厅西南,学院路,5000
高楼层（6层）,63㎡,2室1厅1卫,建材城西二里,南 北        ,海淀,整租·建材城西二里2室1厅南/北,西三旗,4600
高楼层（6层）,45㎡,1室1厅1卫,朝阳公园西里北区,南        ,朝阳,整租·朝阳公园西里北区1室1厅南,农展馆,4700
高楼层（5层）,37㎡,2室0厅1卫,八角路小区,南 北        ,石景山,整租·八角路小区2室0厅南/北,八角,2700
低楼层（6层）,61㎡,2室2厅1卫,昌平宽街,南 北        ,昌平,整租·昌平宽街2室2厅南/北,鼓楼大街,2800
地下室（6层）,70㎡,2室1厅1卫,平原里小区,南 北        ,西城,整租·平原里小区2室1厅南/北,牛街,5000
高楼层（6层）,39㎡,1室1厅1卫,赵山供电局宿舍,南        ,石景山,整租·赵山供电局宿舍1室1厅南,苹果园,3300
低楼层（18层）,97㎡,2室1厅1卫,时尚街区西区,西北        ,通州,整租·时尚街区西区2室1厅西北,梨园,3500
高楼层（6层）,88㎡,2室1厅1卫,温泉花园B区,南 北        ,昌平,整租·温泉花园B区2室1厅南/北,北七家,3300
低楼层（24层）,84㎡,2室1厅1卫,京通苑,东南        ,朝阳,整租·京通苑2室1厅东南,管庄,5200
高楼层（5层）,36㎡,1室1厅1卫,高井,南        ,石景山,整租·高井1室1厅南,石景山其它,2500
高楼层（5层）,60㎡,2室1厅1卫,水利局一处宿舍,南 北        ,海淀,整租·水利局一处宿舍2室1厅南/北,安宁庄,5500
高楼层（5层）,30㎡,2房间1卫,众美MIMO公馆,北        ,大兴,整租·众美MIMO公馆2房间北,天宫院南,1700
高楼层（6层）,60㎡,1室1厅1卫,康顺园,南 北        ,大兴,整租·康顺园1室1厅南/北,高米店南,3000
低楼层（28层）,37㎡,1室0厅1卫,炫特嘉园一期,西        ,朝阳,整租·炫特嘉园一期1室0厅西,石佛营,4300
低楼层（9层）,63㎡,2室1厅1卫,远洋一方北润园,南        ,朝阳,整租·远洋一方北润园2室1厅南,双桥,5000
低楼层（6层）,46㎡,1室1厅1卫,十里堡北区,南 北        ,朝阳,整租·十里堡北区1室1厅南/北,石佛营,4200
高楼层（6层）,57㎡,2室1厅1卫,延静里中街,南 北        ,朝阳,整租·延静里中街2室1厅南/北,红庙,5200
高楼层（6层）,52㎡,1室1厅1卫,育新花园,南        ,海淀,整租·育新花园1室1厅南,西三旗,4500
低楼层（14层）,15㎡,1室0厅1卫,交大东路4号院,西        ,海淀,整租·交大东路4号院1室0厅西,西直门,3200
中楼层（30层）,46㎡,1室1厅1卫,gogo新世代,东        ,丰台,整租·gogo新世代1室1厅东,方庄,4200
高楼层（5层）,30㎡,1房间1卫,众美MIMO公馆,北        ,大兴,整租·众美MIMO公馆1房间北,天宫院南,1800
中楼层（6层）,66㎡,2室1厅1卫,黄村中里,南 北        ,大兴,整租·黄村中里2室1厅南/北,黄村中,2800
中楼层（18层）,58㎡,1室1厅1卫,炫特嘉园一期,东        ,朝阳,整租·炫特嘉园一期1室1厅东,石佛营,6100
中楼层（25层）,42㎡,1室1厅1卫,向军南里,西北        ,朝阳,整租·向军南里1室1厅西北,东大桥,5500
低楼层（6层）,60㎡,2室1厅1卫,永定路70号院,东 南        ,海淀,整租·永定路70号院2室1厅东/南,五棵松,5000
高楼层（6层）,63㎡,2室1厅1卫,甘露园南里,南 北        ,朝阳,整租·甘露园南里2室1厅南/北,甘露园,6000
高楼层（6层）,42㎡,1室1厅1卫,金沟河3号院,南        ,海淀,整租·金沟河3号院1室1厅南,五棵松,4500
高楼层（6层）,82㎡,2室1厅1卫,一品嘉园,南 北        ,大兴,整租·一品嘉园2室1厅复式南/北,天宫院南,3300
高楼层（6层）,42㎡,1室1厅1卫,塔院小区,东南        ,海淀,整租·塔院小区1室1厅东南,牡丹园,5300
中楼层（6层）,65㎡,2室1厅1卫,葛布店东里,南 北        ,通州,整租·葛布店东里2室1厅南/北,果园,3500
高楼层（7层）,38㎡,1室1厅1卫,长丰园二区,南 北        ,大兴,整租·长丰园二区1室1厅南/北,科技园区,2800
中楼层（6层）,45㎡,1室1厅1卫,新村一里,南        ,丰台,整租·新村一里1室1厅南,玉泉营,3500
中楼层（6层）,43㎡,1室1厅1卫,北苑甲55号院,南        ,通州,整租·北苑甲55号院1室1厅南,通州北苑,3000
地下室（6层）,58㎡,2室1厅1卫,永定路17号院,南        ,海淀,整租·永定路17号院2室1厅南,五棵松,4500
高楼层（6层）,57㎡,1室1厅1卫,站前铁路小区,南 北        ,石景山,整租·站前铁路小区1室1厅南/北,城子,1800
高楼层（16层）,78㎡,3室1厅1卫,复兴路46号院,南 西        ,海淀,整租·复兴路46号院3室1厅南/西,玉泉路,2500
高楼层（26层）,79㎡,2室1厅1卫,新城乐居,南 北        ,通州,整租·新城乐居2室1厅南/北,临河里,3200
高楼层（6层）,44㎡,2室1厅1卫,天坛北里,南 北        ,东城,整租·天坛北里2室1厅南/北,天坛,5200
高楼层（10层）,45㎡,1室0厅1卫,弘善家园,南        ,朝阳,整租·弘善家园1室0厅南,潘家园,4600
高楼层（5层）,177㎡,5室2厅3卫,领秀翡翠墅,南 北        ,丰台,整租·领秀翡翠墅5室2厅南/北,丰台其它,3000
中楼层（6层）,60㎡,1室1厅1卫,中泽家园,南 北        ,通州,整租·中泽家园1室1厅南/北,九棵树(家乐福),2700
低楼层（6层）,60㎡,2室1厅1卫,永定路西里,南 北        ,海淀,整租·永定路西里2室1厅南/北,五棵松,4000
高楼层（6层）,69㎡,2室1厅1卫,红松园小区,南 北        ,朝阳,整租·红松园小区2室1厅南/北,东坝,4000
低楼层（14层）,85㎡,2室1厅1卫,泰晤士印象,南 北        ,通州,整租·泰晤士印象2室1厅南/北,通州其它,2500
地下室（6层）,36㎡,1室1厅1卫,三里河三区,东        ,西城,整租·三里河三区1室1厅东,月坛,4000
低楼层（5层）,34㎡,1室1厅1卫,南厂北区,南        ,昌平,整租·南厂北区1室1厅南,南口,2000
中楼层（6层）,41㎡,1室1厅1卫,甘露园南里,南        ,朝阳,整租·甘露园南里1室1厅南,甘露园,4500
高楼层（5层）,61㎡,2室1厅1卫,环山村,南 北        ,海淀,整租·环山村2室1厅南/北,海淀北部新区,3200
高楼层（6层）,80㎡,3室1厅1卫,万源南里,南 北        ,丰台,整租·万源南里3室1厅南/北,旧宫,2900
低楼层（6层）,101㎡,1室1厅1卫,朝阳旺角,南 北        ,朝阳,整租·朝阳旺角1室1厅南/北,双桥,5000
中楼层（12层）,62㎡,2室1厅1卫,芳群园四区,西        ,丰台,整租·芳群园四区2室1厅西,方庄,4600
中楼层（11层）,43㎡,1室0厅1卫,DBC加州小镇,南        ,通州,整租·DBC加州小镇1室0厅南,临河里,3200
高楼层（6层）,52㎡,1室1厅1卫,景泰东里,西        ,东城,整租·景泰东里1室1厅西,蒲黄榆,4300
中楼层（23层）,38㎡,1室0厅1卫,设计师广场,西北        ,丰台,整租·设计师广场1室0厅西北,科技园区,3700
高楼层（6层）,40㎡,1室1厅1卫,牡丹园东里,南        ,海淀,整租·牡丹园东里1室1厅南,牡丹园,6000
低楼层（10层）,60㎡,2室1厅1卫,清缘东里,西北        ,海淀,整租·清缘东里2室1厅西北,清河,5800
高楼层（5层）,82㎡,3室1厅1卫,天宁寺前街北里,南 北        ,西城,整租·天宁寺前街北里3室1厅南/北,天宁寺,6000
高楼层（6层）,53㎡,1室1厅1卫,泥洼路5号院,南        ,丰台,整租·泥洼路5号院1室1厅南,七里庄,4500
高楼层（6层）,59㎡,2室1厅1卫,南平里,南 北        ,朝阳,整租·南平里2室1厅南/北,首都机场,3800
高楼层（6层）,60㎡,2室1厅1卫,高碑店村5号院,南 北        ,朝阳,整租·高碑店村5号院2室1厅南/北,高碑店,5100
高楼层（6层）,59㎡,2室1厅1卫,贵园北里戊区,南 北        ,亦庄开发区,整租·贵园北里戊区2室1厅南/北,亦庄,3600
低楼层（30层）,56㎡,1室1厅1卫,10AM新坐标,北        ,朝阳,整租·10AM新坐标1室1厅北,方庄,5500
低楼层（6层）,57㎡,2室1厅1卫,小关北里,南 北        ,朝阳,整租·小关北里2室1厅南/北,惠新西街,6000
高楼层（7层）,38㎡,1室1厅1卫,福怡苑,西        ,朝阳,整租·福怡苑1室1厅西,定福庄,4000
低楼层（21层）,48㎡,1室1厅1卫,御景春天,南        ,丰台,整租·御景春天1室1厅南,科技园区,4000
高楼层（21层）,63㎡,2室1厅1卫,惠民家园,南        ,门头沟,整租·惠民家园2室1厅南,大峪,2400
高楼层（6层）,36㎡,1室1厅1卫,鸭子桥43号院,南        ,西城,整租·鸭子桥43号院1室1厅南,菜户营,3600
中楼层（7层）,60㎡,2室1厅1卫,安贞里,北        ,朝阳,整租·安贞里2室1厅北,安贞,6000
低楼层（27层）,62㎡,1室1厅1卫,北京新天地五期,西        ,朝阳,整租·北京新天地五期1室1厅西,常营,5200
高楼层（6层）,43㎡,1室1厅1卫,铁西小区,北        ,海淀,整租·铁西小区1室1厅北,军博,4700
高楼层（6层）,65㎡,2室1厅1卫,金荣园,南 北        ,大兴,整租·金荣园2室1厅南/北,西红门,2900
高楼层（18层）,57㎡,1室1厅1卫,远洋一方润园6号院,南        ,朝阳,整租·远洋一方润园6号院1室1厅南,双桥,4700
高楼层（11层）,36㎡,1室0厅1卫,蓝星花园,西        ,顺义,整租·蓝星花园1室0厅西,后沙峪,3000
中楼层（5层）,42㎡,1室1厅1卫,黄村西里,南 北        ,大兴,整租·黄村西里1室1厅南/北,黄村中,2900
高楼层（6层）,40㎡,1室1厅1卫,太平桥东里,南        ,丰台,整租·太平桥东里1室1厅南,太平桥,4600
高楼层（20层）,47㎡,1室1厅1卫,永乐东区,西南        ,石景山,整租·永乐东区1室1厅西南,鲁谷,3800
中楼层（5层）,45㎡,1室1厅1卫,紫竹院南路14号院,南        ,海淀,整租·紫竹院南路14号院1室1厅南,紫竹桥,5500
低楼层（12层）,53㎡,2室1厅1卫,劲松一区,南 北        ,朝阳,整租·劲松一区2室1厅南/北,劲松,6000
中楼层（18层）,29㎡,1室0厅1卫,北街家园六区,西        ,昌平,整租·北街家园六区1室0厅西,沙河,2400
高楼层（6层）,48㎡,1室1厅1卫,十里堡,东 西        ,朝阳,整租·十里堡1室1厅东/西,十里堡,4800
中楼层（27层）,47㎡,1室1厅1卫,万年花城二期,北        ,丰台,整租·万年花城二期1室1厅北,玉泉营,4700
高楼层（28层）,61㎡,1室1厅1卫,百环花园,北        ,朝阳,整租·百环花园1室1厅北,潘家园,5600
中楼层（6层）,58㎡,2室1厅1卫,望园西里,东 西        ,丰台,整租·望园西里2室1厅东/西,七里庄,4100
高楼层（6层）,43㎡,1室1厅1卫,苹果园小区一区,南 北        ,石景山,整租·苹果园小区一区1室1厅南/北,苹果园,3800
中楼层（6层）,54㎡,1室1厅1卫,林大北路6号院,南        ,海淀,整租·林大北路6号院1室1厅南,学院路,5200
低楼层（6层）,49㎡,2室1厅1卫,车站路6号院,南 北        ,东城,整租·车站路6号院2室1厅南/北,陶然亭,5000
高楼层（4层）,46㎡,2室1厅1卫,燕翔西里,东北        ,朝阳,整租·燕翔西里2室1厅东北,首都机场,3000
高楼层（6层）,43㎡,1室1厅1卫,万柳园小区,南        ,丰台,整租·万柳园小区1室1厅南,玉泉营,3800
高楼层（16层）,43㎡,1室1厅1卫,安装宿舍,南        ,海淀,整租·安装宿舍1室1厅南,定慧寺,4800
地下室（6层）,59㎡,2室1厅2卫,潘家园东里,南 北        ,朝阳,整租·潘家园东里2室1厅南/北,潘家园,5000
高楼层（6层）,52㎡,1室1厅1卫,宝盛里,南        ,海淀,整租·宝盛里1室1厅南,清河,4500
高楼层（10层）,93㎡,2室1厅1卫,金隅花石匠,南        ,通州,整租·金隅花石匠2室1厅南,临河里,2500
中楼层（6层）,66㎡,2室1厅1卫,潘家园东里,南 北        ,朝阳,整租·潘家园东里2室1厅南/北,潘家园,6100
高楼层（6层）,54㎡,1室1厅1卫,万源南里,南        ,丰台,整租·万源南里1室1厅南,旧宫,3100
低楼层（22层）,55㎡,1室1厅1卫,双合家园,南        ,朝阳,整租·双合家园1室1厅南,垡头,4300
高楼层（6层）,57㎡,1室1厅1卫,富卓苑,南 北        ,丰台,整租·富卓苑1室1厅南/北,马家堡,4500
中楼层（12层）,74㎡,1室1厅1卫,久居雅园,南        ,通州,整租·久居雅园1室1厅南,临河里,3200
高楼层（6层）,62㎡,2室1厅1卫,现代生活,东南        ,石景山,整租·现代生活2室1厅东南,石景山其它,2800
高楼层（6层）,40㎡,1室1厅1卫,翠林三里,西        ,丰台,整租·翠林三里1室1厅西,北京南站,3700
高楼层（6层）,59㎡,2室1厅1卫,德宝新园,东 西        ,西城,整租·德宝新园2室1厅东/西,西直门,5000
低楼层（6层）,49㎡,1室1厅1卫,模式口北里,南 北        ,石景山,整租·模式口北里1室1厅南/北,苹果园,3300
高楼层（5层）,41㎡,2室1厅1卫,民旺园,东 西        ,东城,整租·民旺园2室1厅东/西,和平里,5500
高楼层（6层）,41㎡,1室1厅1卫,康家园,南        ,朝阳,整租·康家园1室1厅南,甘露园,4500
高楼层（11层）,59㎡,1室0厅1卫,月亮城堡,南        ,通州,整租·月亮城堡1室0厅南,武夷花园,3600
低楼层（18层）,60㎡,1室1厅1卫,泰福苑D3区,南        ,朝阳,整租·泰福苑D3区1室1厅南,定福庄,5000
高楼层（7层）,50㎡,1室1厅1卫,福怡苑,南        ,朝阳,整租·福怡苑1室1厅南,定福庄,3500
低楼层（12层）,82㎡,2室1厅1卫,上东上层,南        ,朝阳,整租·上东上层2室1厅南,东坝,5400
低楼层（11层）,106㎡,2室2厅1卫,水色时光五区,南 北        ,顺义,整租·水色时光五区2室2厅南/北,顺义其它,2800
中楼层（29层）,45㎡,1室1厅1卫,八家嘉苑,南        ,海淀,整租·八家嘉苑1室1厅南,学院路,6000
中楼层（29层）,46㎡,1室0厅1卫,10AM新坐标,东        ,朝阳,整租·10AM新坐标1室0厅东,方庄,4500
低楼层（29层）,51㎡,1室1厅1卫,广渠家园,东        ,东城,整租·广渠家园1室1厅东,广渠门,5500
中楼层（6层）,42㎡,1室1厅1卫,芳园南里,南        ,朝阳,整租·芳园南里1室1厅南,酒仙桥,5500
高楼层（17层）,52㎡,1室1厅1卫,世华龙樾,南        ,海淀,整租·世华龙樾1室1厅南,清河,5800
高楼层（5层）,33㎡,2室1厅1卫,八角路小区,南 北        ,石景山,整租·八角路小区2室1厅南/北,八角,3200
中楼层（6层）,52㎡,1室1厅1卫,如意园,南 北        ,通州,整租·如意园1室1厅南/北,万达,3200
高楼层（5层）,34㎡,1室1厅1卫,八角路小区,南        ,石景山,整租·八角路小区1室1厅南,八角,2600
中楼层（20层）,32㎡,1室1厅1卫,荣丰2008,南        ,西城,整租·荣丰20081室1厅复式南,广安门,5400
高楼层（18层）,43㎡,1室1厅1卫,华威西里,南        ,朝阳,整租·华威西里1室1厅南,潘家园,4600
低楼层（5层）,50㎡,2室1厅1卫,酒仙桥十街坊,南        ,朝阳,整租·酒仙桥十街坊2室1厅南,酒仙桥,5100
中楼层（5层）,55㎡,2室1厅1卫,高井,南        ,石景山,整租·高井2室1厅南,石景山其它,3000
地下室（6层）,45㎡,1室1厅1卫,横七条,东 西        ,丰台,整租·横七条1室1厅东/西,刘家窑,3600
中楼层（20层）,74㎡,2室1厅1卫,福盈家园,南        ,朝阳,整租·福盈家园2室1厅南,定福庄,5900
高楼层（5层）,52㎡,2室1厅1卫,花家地西里三区,南        ,朝阳,整租·花家地西里三区2室1厅南,望京,5500
高楼层（6层）,55㎡,2室1厅1卫,社会福利院家属楼,西 北        ,海淀,整租·社会福利院家属楼2室1厅西/北,清河,5000
高楼层（6层）,41㎡,1室1厅1卫,和义东里二区,南 北        ,丰台,整租·和义东里二区1室1厅南/北,和义,3000
中楼层（5层）,47㎡,1室1厅1卫,育新花园,南        ,海淀,整租·育新花园1室1厅南,西三旗,4500
高楼层（14层）,75㎡,2室1厅1卫,国瑞熙墅,西        ,昌平,整租·国瑞熙墅2室1厅西,北七家,3200
低楼层（6层）,43㎡,1室0厅1卫,磨房南里,南        ,朝阳,整租·磨房南里1室0厅南,北工大,4500
中楼层（6层）,46㎡,1室1厅1卫,朝阳公园西里北区,东 西        ,朝阳,整租·朝阳公园西里北区1室1厅东/西,农展馆,5500
中楼层（6层）,46㎡,1室1厅1卫,青塔秀园,南        ,丰台,整租·青塔秀园1室1厅南,青塔,3800
高楼层（6层）,46㎡,1室1厅1卫,青塔芳园,南        ,丰台,整租·青塔芳园1室1厅南,青塔,3600
中楼层（6层）,88㎡,2室1厅1卫,西关路,南 北        ,昌平,整租·西关路2室1厅南/北,西关环岛,3500
中楼层（18层）,42㎡,1室1厅1卫,潘家园东里,南        ,朝阳,整租·潘家园东里1室1厅南,潘家园,4000
高楼层（6层）,58㎡,2室1厅1卫,康静里,南 北        ,朝阳,整租·康静里2室1厅南/北,东坝,4000
高楼层（6层）,67㎡,2室1厅1卫,农光里,东 西        ,朝阳,整租·农光里2室1厅东/西,劲松,5400
高楼层（6层）,61㎡,2室1厅1卫,地壳所,南 北        ,海淀,整租·地壳所2室1厅南/北,安宁庄,4900
高楼层（24层）,45㎡,1室0厅1卫,梵谷水郡,西南        ,朝阳,整租·梵谷水郡1室0厅西南,酒仙桥,5600
高楼层（6层）,49㎡,1室1厅1卫,石榴园南里小区,南        ,丰台,整租·石榴园南里小区1室1厅南,刘家窑,4500
高楼层（6层）,51㎡,1室1厅1卫,定福庄南里3号院,南 北        ,朝阳,整租·定福庄南里3号院1室1厅南/北,定福庄,4000
高楼层（8层）,89㎡,3室1厅1卫,首开缇香郡,南 北        ,通州,整租·首开缇香郡3室1厅南/北,通州其它,2600
高楼层（6层）,76㎡,2室1厅1卫,自来水宿舍楼,南 北        ,昌平,整租·自来水宿舍楼2室1厅南/北,南邵,2900
地下室（6层）,59㎡,2室1厅1卫,新街口西里一区,南 西南        ,西城,整租·新街口西里一区2室1厅南/西南,新街口,6000
高楼层（6层）,70㎡,2室1厅1卫,电建南院,东 西        ,朝阳,整租·电建南院2室1厅东/西,定福庄,4500
低楼层（6层）,67㎡,2室1厅1卫,建欣苑四里,南 北        ,丰台,整租·建欣苑四里2室1厅南/北,大红门,4700
低楼层（21层）,85㎡,2室1厅1卫,朝阳新城六区,南        ,朝阳,整租·朝阳新城六区2室1厅南,东坝,5000
中楼层（6层）,55㎡,2室1厅1卫,环科院,南 北        ,朝阳,整租·环科院2室1厅南/北,北苑,5300
中楼层（18层）,77㎡,2室1厅1卫,定福庄西街,南 北        ,朝阳,整租·定福庄西街2室1厅南/北,定福庄,5600
低楼层（28层）,30㎡,1室0厅1卫,弘善家园,北        ,朝阳,整租·弘善家园1室0厅北,潘家园,4300
中楼层（5层）,62㎡,2室1厅1卫,延静里,南 北        ,朝阳,整租·延静里2室1厅南/北,甜水园,6000
高楼层（6层）,50㎡,1室1厅1卫,马坡花园一区,南 北        ,顺义,整租·马坡花园一区1室1厅南/北,马坡,2300
低楼层（3层）,53㎡,2室1厅1卫,葛村西里,南 北        ,丰台,整租·葛村西里2室1厅南/北,玉泉营,4000
高楼层（13层）,89㎡,2室1厅1卫,仁和花园二区,南 北        ,顺义,整租·仁和花园二区2室1厅南/北,顺义城,3000
低楼层（6层）,10㎡,1室0厅1卫,稻香园甲,南        ,海淀,整租·稻香园甲1室0厅南,苏州桥,3200
低楼层（6层）,51㎡,2室1厅1卫,北沙滩6号院,东北        ,朝阳,整租·北沙滩6号院2室1厅东北,南沙滩,6000
中楼层（4层）,48㎡,2室1厅1卫,广宁村,南        ,石景山,整租·广宁村2室1厅南,苹果园,3200
中楼层（5层）,56㎡,2室1厅1卫,高杨树北里,南 北        ,朝阳,整租·高杨树北里2室1厅南/北,东坝,4000
中楼层（6层）,89㎡,2室1厅1卫,葛布店东里,南 北        ,通州,整租·葛布店东里2室1厅南/北,果园,3500
低楼层（6层）,51㎡,1室1厅1卫,石榴园北里小区,南 北        ,丰台,整租·石榴园北里小区1室1厅南/北,刘家窑,4300
低楼层（6层）,59㎡,2室1厅1卫,五街满井胡同,南 北        ,昌平,整租·五街满井胡同2室1厅南/北,鼓楼大街,2900
高楼层（15层）,59㎡,2室1厅1卫,永达逸家,西        ,海淀,整租·永达逸家2室1厅西,田村,5500
高楼层（19层）,58㎡,1室1厅1卫,清上园,西北        ,海淀,整租·清上园1室1厅西北,安宁庄,5300
低楼层（11层）,55㎡,1室1厅1卫,柏林爱乐一期,东 西        ,朝阳,整租·柏林爱乐一期1室1厅东/西,常营,5000
高楼层（18层）,51㎡,1室1厅1卫,石榴园北里小区,南        ,丰台,整租·石榴园北里小区1室1厅南,刘家窑,4600
低楼层（1层）,11㎡,1室0厅1卫,北沟沿,南        ,东城,整租·北沟沿1室0厅南,东四,3500
中楼层（28层）,29㎡,1室0厅1卫,北欧印象,东        ,西城,整租·北欧印象1室0厅东,马连道,3800
中楼层（6层）,38㎡,1室1厅1卫,三间房南里7号院,南        ,朝阳,整租·三间房南里7号院1室1厅南,定福庄,3800
低楼层（15层）,94㎡,2室1厅1卫,柏林爱乐四期,南 北        ,朝阳,整租·柏林爱乐四期2室1厅南/北,常营,6000
高楼层（6层）,37㎡,2室1厅1卫,天恒旭辉7号院,西        ,大兴,整租·天恒旭辉7号院2室1厅西,天宫院南,1800
高楼层（12层）,52㎡,1室1厅1卫,苹果派,北        ,朝阳,整租·苹果派1室1厅北,常营,5300
高楼层（6层）,45㎡,1室1厅1卫,西革新里110号院,东        ,东城,整租·西革新里110号院1室1厅东,永定门,4000
高楼层（6层）,66㎡,2室1厅1卫,黄村西里,南 北        ,大兴,整租·黄村西里2室1厅南/北,黄村中,3100
低楼层（28层）,42㎡,1室1厅1卫,燕清源,南        ,海淀,整租·燕清源1室1厅南,清河,4900
高楼层（6层）,68㎡,2室2厅1卫,桃花岛,南 北        ,通州,整租·桃花岛2室2厅南/北,梨园,3100
低楼层（18层）,60㎡,2室1厅1卫,海特花园小区,东        ,石景山,整租·海特花园小区2室1厅东,苹果园,4200
中楼层（6层）,50㎡,2室1厅1卫,新村二里,南        ,丰台,整租·新村二里2室1厅南,玉泉营,4000
低楼层（24层）,36㎡,1室0厅1卫,兴隆家园,北        ,朝阳,整租·兴隆家园1室0厅北,高碑店,4600
中楼层（11层）,60㎡,2室1厅1卫,苹果派,南        ,朝阳,整租·苹果派2室1厅南,常营,6000
低楼层（28层）,60㎡,1室0厅1卫,土星园,北        ,朝阳,整租·土星园1室0厅北,西坝河,5600
中楼层（6层）,57㎡,2室1厅1卫,甘露园南里,东南        ,朝阳,整租·甘露园南里2室1厅东南,甘露园,5500
中楼层（10层）,44㎡,1室0厅1卫,树村丽景苑,西        ,海淀,整租·树村丽景苑1室0厅西,马连洼,5100
高楼层（8层）,91㎡,2室1厅1卫,保利西山林语,南 北        ,海淀,整租·保利西山林语2室1厅南/北,海淀北部新区,6000
低楼层（11层）,58㎡,1室1厅1卫,加州水郡三期,东北        ,房山,整租·加州水郡三期1室1厅东北,长阳,2600
高楼层（7层）,34㎡,1室0厅1卫,清秀园北区,北        ,昌平,整租·清秀园北区1室0厅北,东关,2800
低楼层（6层）,60㎡,2室1厅1卫,万源南里,东 西        ,丰台,整租·万源南里2室1厅东/西,旧宫,3200
低楼层（1层）,19㎡,1室0厅1卫,北下洼子胡同,南        ,东城,整租·北下洼子胡同1室0厅南,地安门,2800
低楼层（24层）,48㎡,1室1厅1卫,农光里,南        ,朝阳,整租·农光里1室1厅南,劲松,4800
高楼层（6层）,41㎡,1室1厅1卫,五里店南里,东 西        ,丰台,整租·五里店南里1室1厅东/西,五里店,2800
低楼层（6层）,35㎡,1室1厅1卫,五里店南里,南 北        ,丰台,整租·五里店南里1室1厅南/北,五里店,3200
高楼层（7层）,80㎡,2室1厅1卫,潞河中学北街26号院,东 西        ,通州,整租·潞河中学北街26号院2室1厅东/西,万达,3600
中楼层（6层）,84㎡,2室1厅1卫,徐辛庄,南 北        ,通州,整租·徐辛庄2室1厅南/北,通州其它,2500
低楼层（20层）,42㎡,1室0厅1卫,融科钧廷,南        ,通州,整租·融科钧廷1室0厅南,马驹桥,2500
高楼层（5层）,46㎡,1室1厅1卫,甘露家园,南        ,朝阳,整租·甘露家园1室1厅南,甘露园,4500
低楼层（15层）,73㎡,1室1厅1卫,九洲溪雅苑二区,东南        ,房山,整租·九洲溪雅苑二区1室1厅东南,长阳,2600
高楼层（6层）,43㎡,1室1厅1卫,万柳园小区,南 北        ,丰台,整租·万柳园小区1室1厅南/北,玉泉营,4300
中楼层（6层）,67㎡,2室1厅1卫,建材城东二里,南 北        ,海淀,整租·建材城东二里2室1厅南/北,西三旗,4800
中楼层（27层）,77㎡,2室1厅1卫,大峪小白楼,南 北        ,门头沟,整租·大峪小白楼2室1厅南/北,大峪,2600
低楼层（6层）,62㎡,2室1厅1卫,电信小区,南 北        ,海淀,整租·电信小区2室1厅南/北,军博,5500
中楼层（12层）,57㎡,1室0厅1卫,上东上层,东 南        ,朝阳,整租·上东上层1室0厅东/南,东坝,4500
低楼层（11层）,48㎡,1室0厅1卫,佳和宜园,南        ,顺义,整租·佳和宜园1室0厅南,马坡,2200
高楼层（6层）,65㎡,2室1厅1卫,玉桥南里,南 北        ,通州,整租·玉桥南里2室1厅南/北,玉桥,3000
高楼层（6层）,49㎡,2室1厅1卫,新桥路小区,南 北        ,门头沟,整租·新桥路小区2室1厅南/北,大峪,2500
低楼层（1层）,15㎡,1室0厅1卫,西仓门胡同,东        ,东城,整租·西仓门胡同1室0厅东,东四,3500
地下室（6层）,66㎡,2室1厅1卫,黑山北小街11号院,南 北        ,门头沟,整租·黑山北小街11号院2室1厅南/北,大峪,1800
高楼层（6层）,41㎡,1室1厅1卫,动物园宿舍,南        ,海淀,整租·动物园宿舍1室1厅南,白石桥,5300
中楼层（6层）,52㎡,1室1厅1卫,育新花园,南        ,海淀,整租·育新花园1室1厅南,西三旗,4800
中楼层（6层）,100㎡,2室2厅1卫,久敬佳园一区,南 北        ,丰台,整租·久敬佳园一区2室2厅南/北,和义,4200
中楼层（26层）,34㎡,1室1厅1卫,荣丰2008,南        ,西城,整租·荣丰20081室1厅南,广安门,4200
高楼层（6层）,40㎡,1室1厅1卫,南平里,南        ,朝阳,整租·南平里1室1厅南,首都机场,2500
高楼层（6层）,56㎡,1室1厅1卫,宏福园,南        ,大兴,整租·宏福园1室1厅南,西红门,3400
低楼层（20层）,60㎡,1室1厅1卫,东泽园,东        ,朝阳,整租·东泽园1室1厅东,东坝,4200
高楼层（6层）,57㎡,2室1厅1卫,北苑3号院,南 北        ,朝阳,整租·北苑3号院2室1厅南/北,北苑,5500
低楼层（6层）,50㎡,2室1厅1卫,三虎桥,南 北        ,海淀,整租·三虎桥2室1厅南/北,紫竹桥,5500
高楼层（23层）,33㎡,1室0厅1卫,国融国际,北        ,亦庄开发区,整租·国融国际1室0厅北,亦庄,3500
低楼层（21层）,89㎡,2室1厅1卫,朝阳新城六区,南        ,朝阳,整租·朝阳新城六区2室1厅南,东坝,5200
低楼层（6层）,51㎡,2室1厅1卫,宋庄路,东 西        ,丰台,整租·宋庄路2室1厅东/西,宋家庄,4600
高楼层（6层）,95㎡,2室1厅1卫,港馨家园西区,南 北        ,顺义,整租·港馨家园西区2室1厅南/北,顺义城,3100
中楼层（5层）,55㎡,2室0厅1卫,冷冻机械厂宿舍,南        ,通州,整租·冷冻机械厂宿舍2室0厅南,九棵树(家乐福),2700
低楼层（6层）,50㎡,1室1厅1卫,安外大街3号院,西        ,东城,整租·安外大街3号院1室1厅西,安定门,4900
低楼层（10层）,70㎡,1室2厅1卫,奥林匹克花园三期,南 北        ,朝阳,整租·奥林匹克花园三期1室2厅南/北,东坝,4500
高楼层（6层）,58㎡,2室1厅1卫,十里堡东里,东 西        ,朝阳,整租·十里堡东里2室1厅东/西,十里堡,5200
高楼层（6层）,60㎡,2室1厅1卫,蔚园,南 北        ,丰台,整租·蔚园2室1厅南/北,青塔,4300
中楼层（6层）,48㎡,1室1厅1卫,西革新里110号院,南        ,东城,整租·西革新里110号院1室1厅南,永定门,4100
低楼层（23层）,73㎡,1室1厅1卫,格调,西南        ,西城,整租·格调1室1厅西南,马连道,5500
低楼层（6层）,40㎡,1室1厅1卫,南十里居,南        ,朝阳,整租·南十里居1室1厅南,朝阳公园,5200
低楼层（6层）,54㎡,2室1厅1卫,新华街一里,南 北        ,丰台,整租·新华街一里2室1厅南/北,看丹桥,4200
中楼层（6层）,81㎡,2室1厅1卫,艺苑西里,南 北        ,通州,整租·艺苑西里2室1厅南/北,果园,3500
地下室（6层）,60㎡,2室1厅1卫,农光东里,南 北        ,朝阳,整租·农光东里2室1厅南/北,劲松,5300
低楼层（4层）,42㎡,1室1厅1卫,小营东路5号院,北        ,海淀,整租·小营东路5号院1室1厅北,清河,4400
中楼层（7层）,96㎡,2室1厅1卫,温泉东里,南 北        ,朝阳,整租·温泉东里2室1厅南/北,双桥,5000
低楼层（6层）,69㎡,2室1厅1卫,民园小区,南 北        ,昌平,整租·民园小区2室1厅南/北,沙河,3800
低楼层（6层）,53㎡,2室1厅1卫,潘家园小区,南 北        ,朝阳,整租·潘家园小区2室1厅南/北,潘家园,5600
高楼层（21层）,87㎡,2室1厅1卫,北街家园六区,西        ,昌平,整租·北街家园六区2室1厅错层西,沙河,3800
低楼层（17层）,51㎡,1室1厅1卫,珠江罗马嘉园西区,北        ,朝阳,整租·珠江罗马嘉园西区1室1厅北,朝青,6000
高楼层（6层）,57㎡,2室1厅1卫,花园闸小区,南 北        ,朝阳,整租·花园闸小区2室1厅南/北,定福庄,4500
低楼层（6层）,33㎡,1室1厅1卫,西辛南区,南        ,顺义,整租·西辛南区1室1厅南,顺义城,3200
地下室（6层）,16㎡,1室0厅0卫,翠微路平台村,南        ,海淀,整租·翠微路平台村1室0厅南,公主坟,2500
低楼层（5层）,60㎡,2室1厅1卫,铁建大院,南 北        ,海淀,整租·铁建大院2室1厅南/北,玉泉路,5200
高楼层（7层）,87㎡,2室2厅1卫,温泉花园B区,南 北        ,昌平,整租·温泉花园B区2室2厅南/北,北七家,3400
低楼层（6层）,43㎡,1室1厅1卫,酒仙桥二街坊,东 南        ,朝阳,整租·酒仙桥二街坊1室1厅东/南,酒仙桥,5000
高楼层（11层）,92㎡,2室1厅1卫,悦廷,南 北        ,亦庄开发区,整租·悦廷2室1厅南/北,亦庄开发区其它,4200
中楼层（14层）,39㎡,1室0厅1卫,美然动力A2区,南 北        ,朝阳,整租·美然动力A2区1室0厅南/北,定福庄,4200
高楼层（6层）,57㎡,2室1厅1卫,城建宿舍,南 北        ,丰台,整租·城建宿舍2室1厅南/北,青塔,4200
低楼层（24层）,59㎡,1室1厅1卫,柏林爱乐二期,西北        ,朝阳,整租·柏林爱乐二期1室1厅西北,常营,5800
中楼层（20层）,86㎡,2室1厅1卫,杨闸新村,南        ,朝阳,整租·杨闸新村2室1厅南,管庄,5600
中楼层（6层）,41㎡,1室1厅1卫,和平里五区,西南        ,东城,整租·和平里五区1室1厅西南,和平里,5300
高楼层（6层）,91㎡,2室1厅1卫,翠屏南里,南 北        ,通州,整租·翠屏南里2室1厅南/北,九棵树(家乐福),3500
中楼层（3层）,60㎡,2室1厅1卫,东高地,南        ,丰台,整租·东高地2室1厅南,和义,3400
高楼层（4层）,58㎡,1室1厅1卫,友谊社区,南        ,海淀,整租·友谊社区1室1厅南,苏州桥,5500
地下室（6层）,55㎡,2室1厅1卫,万寿路12号院,南 北        ,海淀,整租·万寿路12号院2室1厅南/北,公主坟,4800
高楼层（30层）,24㎡,1室0厅1卫,世纪金色嘉园,南        ,丰台,整租·世纪金色嘉园1室0厅南,北京南站,3700
高楼层（6层）,68㎡,1室1厅1卫,锦华园,南 北        ,大兴,整租·锦华园1室1厅南/北,黄村火车站,3200
高楼层（5层）,15㎡,1室0厅1卫,古城南路,东        ,石景山,整租·古城南路1室0厅东,古城,2200
高楼层（6层）,38㎡,1室1厅1卫,垡头西里一区,南        ,朝阳,整租·垡头西里一区1室1厅南,垡头,3500
高楼层（6层）,53㎡,1室1厅1卫,绿岛苑东区,西南        ,朝阳,整租·绿岛苑东区1室1厅西南,定福庄,3700
高楼层（6层）,65㎡,2室1厅1卫,管庄西里,南 北        ,朝阳,整租·管庄西里2室1厅南/北,管庄,4800
低楼层（28层）,83㎡,2室1厅1卫,弘善家园,西北        ,朝阳,整租·弘善家园2室1厅西北,潘家园,5700
低楼层（16层）,59㎡,2室1厅1卫,南庭新苑北区,东 北        ,丰台,整租·南庭新苑北区2室1厅东/北,新宫,4400
中楼层（6层）,57㎡,2室1厅1卫,安宁里,东 西        ,海淀,整租·安宁里2室1厅东/西,安宁庄,4500
中楼层（14层）,45㎡,1室1厅1卫,青年公寓,南 北        ,石景山,整租·青年公寓1室1厅南/北,苹果园,3600
中楼层（9层）,43㎡,1室0厅1卫,弘善家园,南        ,朝阳,整租·弘善家园1室0厅南,潘家园,4500
低楼层（6层）,44㎡,1室1厅1卫,兴政西里,南        ,大兴,整租·兴政西里1室1厅南,黄村中,2600
高楼层（6层）,59㎡,1室2厅1卫,慧忠里,东 西        ,朝阳,整租·慧忠里1室2厅东/西,亚运村,6000
中楼层（17层）,48㎡,1室1厅1卫,椿树园,东        ,西城,整租·椿树园1室1厅东,宣武门,5500
中楼层（6层）,66㎡,2室1厅1卫,管庄西里,东 西        ,朝阳,整租·管庄西里2室1厅东/西,管庄,4400
高楼层（6层）,52㎡,2室1厅1卫,八角北路,南 北        ,石景山,整租·八角北路2室1厅南/北,八角,4000
高楼层（6层）,136㎡,1室0厅1卫,星岛嘉园,南        ,亦庄开发区,整租·星岛嘉园1室0厅南,亦庄,4200
高楼层（6层）,68㎡,2室2厅1卫,桃花岛,南 北        ,通州,整租·桃花岛2室2厅南/北,梨园,3300
高楼层（6层）,92㎡,2室1厅1卫,南太平庄北巷,南 北        ,朝阳,整租·南太平庄北巷2室1厅南/北,高碑店,5000
高楼层（16层）,57㎡,1室1厅1卫,翠微中里,西        ,海淀,整租·翠微中里1室1厅西,公主坟,5600
高楼层（6层）,52㎡,2室1厅1卫,松榆里,南 北        ,朝阳,整租·松榆里2室1厅南/北,潘家园,5600
高楼层（6层）,57㎡,2室1厅1卫,车道沟南里,东 西        ,海淀,整租·车道沟南里2室1厅东/西,紫竹桥,6000
低楼层（6层）,47㎡,1室1厅1卫,松榆西里,东 西        ,朝阳,整租·松榆西里1室1厅东/西,潘家园,4300
低楼层（26层）,24㎡,1室0厅1卫,荣丰2008,南        ,西城,整租·荣丰20081室0厅南,广安门,3600
低楼层（18层）,50㎡,1室1厅1卫,定福庄西街,东        ,朝阳,整租·定福庄西街1室1厅东,定福庄,4100
低楼层（6层）,66㎡,2室1厅1卫,金荣园,南 北        ,大兴,整租·金荣园2室1厅南/北,西红门,3000
中楼层（18层）,45㎡,1室1厅1卫,松榆里,南        ,朝阳,整租·松榆里1室1厅南,潘家园,4500
低楼层（1层）,33㎡,1室1厅1卫,东四八条,东        ,东城,整租·东四八条1室1厅东,东四,6000
中楼层（11层）,59㎡,1室1厅1卫,加州水郡四期,西北        ,房山,整租·加州水郡四期1室1厅西北,长阳,2500
高楼层（16层）,59㎡,2室1厅1卫,光熙门北里,南        ,朝阳,整租·光熙门北里2室1厅南,西坝河,6000
低楼层（6层）,44㎡,1室1厅1卫,惠新东街,南        ,朝阳,整租·惠新东街1室1厅南,芍药居,5300
高楼层（6层）,60㎡,2室1厅1卫,定福庄西街,南 北        ,朝阳,整租·定福庄西街2室1厅南/北,定福庄,4300
中楼层（6层）,46㎡,1室1厅1卫,双龙南里,南 北        ,朝阳,整租·双龙南里1室1厅南/北,华威桥,4500
中楼层（24层）,36㎡,1室0厅1卫,兴隆家园,北        ,朝阳,整租·兴隆家园1室0厅北,高碑店,4500
低楼层（8层）,41㎡,1房间1卫,iMOMA,西        ,海淀,整租·iMOMA1房间西,上地,4200
低楼层（7层）,45㎡,1室0厅1卫,新中西街,东        ,东城,整租·新中西街1室0厅东,朝阳门外,5900
中楼层（11层）,89㎡,2室1厅1卫,天泰苑A8区,南 北        ,朝阳,整租·天泰苑A8区2室1厅南/北,定福庄,6000
中楼层（6层）,50㎡,1室1厅1卫,恒富中街4号院,南 北        ,丰台,整租·恒富中街4号院1室1厅南/北,科技园区,4500
中楼层（19层）,60㎡,1室1厅1卫,草桥矿冶小区,南        ,丰台,整租·草桥矿冶小区1室1厅南,草桥,4000
中楼层（16层）,43㎡,1室1厅1卫,柏林寺西,南        ,东城,整租·柏林寺西1室1厅南,和平里,5800
高楼层（6层）,113㎡,3室1厅1卫,朝阳旺角,南 北        ,朝阳,整租·朝阳旺角3室1厅南/北,双桥,5900
中楼层（6层）,52㎡,1室1厅1卫,阳光南里,南        ,海淀,整租·阳光南里1室1厅南,清河,4800
高楼层（6层）,90㎡,2室2厅1卫,苏园小区,南 北        ,房山,整租·苏园小区2室2厅南/北,良乡,2700
高楼层（6层）,78㎡,2室1厅1卫,华龙小区,南 北        ,通州,整租·华龙小区2室1厅南/北,潞苑,3200
中楼层（18层）,89㎡,2室1厅1卫,保利嘉园三号院,西南        ,朝阳,整租·保利嘉园三号院2室1厅西南,常营,6000
中楼层（6层）,54㎡,2室1厅1卫,武圣东里,东 西        ,朝阳,整租·武圣东里2室1厅东/西,劲松,5800
低楼层（5层）,58㎡,1室1厅1卫,玉泉路16号院,东        ,海淀,整租·玉泉路16号院1室1厅东,玉泉路,4400
中楼层（16层）,60㎡,1室1厅1卫,有德家苑5号院,南 西        ,丰台,整租·有德家苑5号院1室1厅南/西,旧宫,3800
高楼层（6层）,62㎡,2室1厅1卫,模式口南里,南 北        ,石景山,整租·模式口南里2室1厅南/北,苹果园,4000
低楼层（6层）,71㎡,3室1厅1卫,西潞园一里,南 北        ,房山,整租·西潞园一里3室1厅南/北,良乡,2700
高楼层（6层）,42㎡,1室1厅1卫,花家地小区,南        ,朝阳,整租·花家地小区1室1厅南,望京,5000
高楼层（6层）,88㎡,2室1厅1卫,一品嘉园,南 北        ,大兴,整租·一品嘉园2室1厅南/北,天宫院南,2800
高楼层（6层）,63㎡,2室1厅1卫,青塔秀园,南 北        ,丰台,整租·青塔秀园2室1厅南/北,青塔,4100
中楼层（5层）,34㎡,1室1厅1卫,八角路小区,南 北        ,石景山,整租·八角路小区1室1厅南/北,八角,3500
低楼层（21层）,36㎡,1室0厅1卫,大成国际,西        ,朝阳,整租·大成国际1室0厅西,百子湾,5500
高楼层（6层）,42㎡,1室1厅1卫,松榆里,南        ,朝阳,整租·松榆里1室1厅南,潘家园,4800
高楼层（6层）,70㎡,2室1厅1卫,和义东里二区,南 北        ,丰台,整租·和义东里二区2室1厅南/北,和义,3700
高楼层（6层）,62㎡,2室1厅1卫,铁路宿舍,南        ,通州,整租·铁路宿舍2室1厅南,通州北苑,3600
高楼层（6层）,43㎡,1室1厅1卫,定福庄西街,南        ,朝阳,整租·定福庄西街1室1厅南,定福庄,4400
中楼层（6层）,74㎡,2室1厅1卫,南竺园,南 北        ,顺义,整租·南竺园2室1厅南/北,首都机场,3000
高楼层（29层）,35㎡,1室0厅1卫,10AM新坐标,南        ,朝阳,整租·10AM新坐标1室0厅南,方庄,4500
中楼层（11层）,46㎡,1室0厅1卫,柏林爱乐二期,西        ,朝阳,整租·柏林爱乐二期1室0厅西,常营,4500
高楼层（6层）,70㎡,2室1厅1卫,晓月苑二里,南 北        ,丰台,整租·晓月苑二里2室1厅南/北,卢沟桥,3600
中楼层（19层）,62㎡,1室1厅1卫,东亚瑞晶苑,南        ,通州,整租·东亚瑞晶苑1室1厅南,马驹桥,2800
中楼层（5层）,37㎡,1室1厅1卫,化工大院,东        ,东城,整租·化工大院1室1厅东,和平里,5500
低楼层（6层）,60㎡,2室1厅1卫,双龙南里,东 西        ,朝阳,整租·双龙南里2室1厅东/西,华威桥,5500
高楼层（6层）,59㎡,2室1厅1卫,丰西北里,南 北        ,丰台,整租·丰西北里2室1厅南/北,五里店,2900
中楼层（24层）,62㎡,2室1厅1卫,新华街七里,西北        ,丰台,整租·新华街七里2室1厅西北,看丹桥,4000
中楼层（5层）,34㎡,1室1厅1卫,车公庄北里,东        ,西城,整租·车公庄北里1室1厅东,车公庄,5500
中楼层（16层）,49㎡,1室1厅1卫,盆儿胡同62号院,南        ,西城,整租·盆儿胡同62号院1室1厅南,牛街,5000
中楼层（6层）,42㎡,1室1厅1卫,大红门东后街,南        ,丰台,整租·大红门东后街1室1厅南,赵公口,3600
高楼层（6层）,41㎡,1室1厅1卫,新桥南大街,南        ,门头沟,整租·新桥南大街1室1厅南,滨河西区,2300
中楼层（21层）,39㎡,1室0厅1卫,CBD传奇,南        ,朝阳,整租·CBD传奇1室0厅南,大望路,5800
低楼层（27层）,24㎡,2房间0卫,奥北南区,南        ,昌平,整租·奥北南区2房间南,立水桥,3800
中楼层（6层）,36㎡,1室1厅1卫,六里桥北里,东        ,丰台,整租·六里桥北里1室1厅东,六里桥,4500
中楼层（19层）,69㎡,1室1厅1卫,清秀园北区,南        ,昌平,整租·清秀园北区1室1厅南,东关,3500
高楼层（6层）,42㎡,1室1厅1卫,金蝉里,南 北        ,朝阳,整租·金蝉里1室1厅南/北,垡头,4000
高楼层（6层）,91㎡,2室1厅1卫,莲水怡园,南 北        ,亦庄开发区,整租·莲水怡园2室1厅复式南/北,马驹桥,4000
中楼层（20层）,53㎡,1室1厅1卫,育新花园,南 北        ,海淀,整租·育新花园1室1厅南/北,西三旗,4900
中楼层（14层）,61㎡,1室1厅1卫,秀水园,南        ,朝阳,整租·秀水园1室1厅南,甜水园,5400
低楼层（6层）,57㎡,1室1厅1卫,三丰里小区,北        ,朝阳,整租·三丰里小区1室1厅北,朝阳门外,5500
高楼层（6层）,45㎡,1室1厅1卫,胜利小区,南        ,顺义,整租·胜利小区1室1厅南,顺义城,2600
中楼层（10层）,71㎡,1室1厅1卫,新兴家园,南        ,大兴,整租·新兴家园1室1厅南,大兴其它,2500
高楼层（6层）,68㎡,2室1厅1卫,京科苑,南 北        ,昌平,整租·京科苑2室1厅南/北,东关,3300
高楼层（29层）,52㎡,1室0厅1卫,北花园小区,南        ,朝阳,整租·北花园小区1室0厅南,双桥,4200
高楼层（6层）,42㎡,1室1厅1卫,展春园,南        ,海淀,整租·展春园1室1厅南,五道口,5500
高楼层（6层）,54㎡,2室1厅1卫,丰西北里,南 北        ,丰台,整租·丰西北里2室1厅南/北,五里店,2800
低楼层（19层）,63㎡,2室1厅1卫,清上园,东南        ,海淀,整租·清上园2室1厅东南,安宁庄,6000
高楼层（6层）,61㎡,2室1厅1卫,清源西里,南 西        ,大兴,整租·清源西里2室1厅南/西,枣园,3300
中楼层（17层）,39㎡,1室0厅1卫,绿地诺亚方舟,东        ,房山,整租·绿地诺亚方舟1室0厅东,良乡,2200
高楼层（15层）,42㎡,1室0厅1卫,中海城北区,北        ,朝阳,整租·中海城北区1室0厅北,成寿寺,5700
高楼层（6层）,43㎡,1室1厅1卫,翠林二里,南        ,丰台,整租·翠林二里1室1厅南,北京南站,4000
中楼层（33层）,8㎡,1室0厅1卫,广安﹒康馨家园,南        ,丰台,整租·广安﹒康馨家园1室0厅南,青塔,2099
高楼层（5层）,52㎡,2室1厅1卫,甘家口小区,南 北        ,海淀,整租·甘家口小区2室1厅南/北,甘家口,5500
高楼层（14层）,41㎡,2室1厅1卫,安华里社区,西        ,朝阳,整租·安华里社区2室1厅西,安贞,4800
中楼层（7层）,45㎡,1室0厅1卫,壹线国际,南        ,朝阳,整租·壹线国际1室0厅南,四惠,5500
中楼层（11层）,60㎡,1室1厅1卫,IN北京,西        ,通州,整租·IN北京1室1厅西,通州其它,3100
高楼层（6层）,65㎡,2室1厅1卫,南华小区,南 北        ,丰台,整租·南华小区2室1厅南/北,马家堡,4700
中楼层（6层）,58㎡,2室1厅1卫,南平里,南 北        ,朝阳,整租·南平里2室1厅南/北,首都机场,3300
低楼层（5层）,56㎡,2室1厅1卫,定福庄西街,南 北        ,朝阳,整租·定福庄西街2室1厅南/北,定福庄,4500
高楼层（6层）,55㎡,2室1厅1卫,环科院,南 北        ,朝阳,整租·环科院2室1厅南/北,北苑,5200
高楼层（18层）,48㎡,1室1厅1卫,安慧里一区,南 北        ,朝阳,整租·安慧里一区1室1厅南/北,亚运村,5800
低楼层（16层）,47㎡,1室1厅1卫,万寿路甲15号院四区,南        ,海淀,整租·万寿路甲15号院四区1室1厅南,万寿路,4700
低楼层（6层）,38㎡,1室1厅1卫,甜水园东里,东        ,朝阳,整租·甜水园东里1室1厅东,甜水园,5300
中楼层（23层）,35㎡,1室0厅1卫,设计师广场,东南        ,丰台,整租·设计师广场1室0厅东南,科技园区,3800
中楼层（6层）,94㎡,2室1厅1卫,新潮嘉园一期,南 北        ,通州,整租·新潮嘉园一期2室1厅南/北,潞苑,3200
高楼层（11层）,101㎡,2室2厅1卫,水色时光五区,南        ,顺义,整租·水色时光五区2室2厅南,顺义其它,2800
低楼层（6层）,62㎡,2室1厅1卫,八里庄东里,南 北        ,朝阳,整租·八里庄东里2室1厅南/北,四惠,5500
中楼层（6层）,37㎡,1室1厅1卫,安华里社区,南        ,朝阳,整租·安华里社区1室1厅南,安贞,4900
高楼层（18层）,32㎡,1室0厅1卫,强佑清河新城,南        ,海淀,整租·强佑清河新城1室0厅南,清河,4800
高楼层（27层）,72㎡,2室1厅1卫,周庄嘉园D区,南        ,朝阳,整租·周庄嘉园D区2室1厅南,十里河,6000
中楼层（6层）,56㎡,2室1厅1卫,农光里,南 北        ,朝阳,整租·农光里2室1厅南/北,劲松,5700
高楼层（15层）,68㎡,2室1厅1卫,永达逸家,东        ,海淀,整租·永达逸家2室1厅东,田村,6000
低楼层（9层）,65㎡,2室0厅1卫,亿城天筑,南        ,丰台,整租·亿城天筑2室0厅南,科技园区,4500
中楼层（6层）,42㎡,1室1厅1卫,万寿路小区,南        ,海淀,整租·万寿路小区1室1厅南,公主坟,5000
高楼层（6层）,55㎡,2室1厅1卫,五里店南里,南 北        ,丰台,整租·五里店南里2室1厅南/北,五里店,3700
低楼层（18层）,70㎡,2室1厅1卫,知本时代,南 北        ,海淀,整租·知本时代2室1厅南/北,西三旗,6000
高楼层（5层）,46㎡,1室1厅1卫,慧忠里,南        ,朝阳,整租·慧忠里1室1厅南,亚运村,5800
中楼层（6层）,55㎡,2室1厅1卫,大红门东门里,南 北        ,丰台,整租·大红门东门里2室1厅南/北,大红门,4600
中楼层（28层）,65㎡,1室1厅1卫,新马家园,南        ,顺义,整租·新马家园1室1厅南,马坡,2800
中楼层（6层）,56㎡,2室1厅1卫,万柳园小区,东 西        ,丰台,整租·万柳园小区2室1厅东/西,玉泉营,4500
低楼层（18层）,46㎡,1室1厅1卫,明光村小区,南        ,海淀,整租·明光村小区1室1厅南,西直门,6000
高楼层（21层）,87㎡,2室1厅1卫,金隅景和园,南        ,朝阳,整租·金隅景和园2室1厅南,东坝,5700
低楼层（6层）,64㎡,2室1厅1卫,三间房西里,南 北        ,朝阳,整租·三间房西里2室1厅南/北,定福庄,4500
低楼层（6层）,53㎡,2室1厅1卫,定安里,南        ,东城,整租·定安里2室1厅南,永定门,4500
高楼层（6层）,67㎡,2室1厅1卫,建材城东二里,南 北        ,海淀,整租·建材城东二里2室1厅南/北,西三旗,4500
低楼层（24层）,61㎡,1室1厅1卫,柏林爱乐二期,东        ,朝阳,整租·柏林爱乐二期1室1厅东,常营,5400
高楼层（6层）,40㎡,1室1厅1卫,麦子店街,南        ,朝阳,整租·麦子店街1室1厅南,农展馆,5800
低楼层（6层）,63㎡,1室1厅1卫,朝阳新城二区,西        ,朝阳,整租·朝阳新城二区1室1厅西,东坝,5500
中楼层（5层）,54㎡,2室1厅1卫,永泰园,南 北        ,海淀,整租·永泰园2室1厅南/北,清河,5300
高楼层（6层）,59㎡,2室1厅1卫,张郭庄小区,南 北        ,丰台,整租·张郭庄小区2室1厅南/北,丰台其它,2500
高楼层（6层）,69㎡,2室1厅1卫,新安里,南 北        ,大兴,整租·新安里2室1厅南/北,黄村中,2800
高楼层（5层）,50㎡,2室1厅1卫,北关东路社区,南        ,房山,整租·北关东路社区2室1厅南,良乡,2000
中楼层（12层）,52㎡,1室1厅1卫,苹果派,北        ,朝阳,整租·苹果派1室1厅北,常营,5300
低楼层（6层）,70㎡,2室1厅1卫,明春西园,南 北        ,大兴,整租·明春西园2室1厅南/北,科技园区,3200
低楼层（4层）,57㎡,2室1厅1卫,供电局家属楼,南 北        ,顺义,整租·供电局家属楼2室1厅南/北,顺义城,2700
低楼层（18层）,33㎡,1室0厅1卫,荣上居,北        ,海淀,整租·荣上居1室0厅北,中关村,6000
高楼层（6层）,52㎡,1室1厅1卫,永泰东里,南        ,海淀,整租·永泰东里1室1厅南,清河,5300
高楼层（6层）,72㎡,2室1厅1卫,东兴一区,南 西 北        ,顺义,整租·东兴一区2室1厅南/西/北,顺义城,3000
低楼层（29层）,32㎡,1室0厅1卫,10AM新坐标,北        ,朝阳,整租·10AM新坐标1室0厅北,方庄,4300
低楼层（2层）,61㎡,2室1厅1卫,世豪花园,南        ,朝阳,整租·世豪花园2室1厅南,十八里店,4200
高楼层（6层）,63㎡,2室1厅1卫,阿尔法社区三期,南 北        ,通州,整租·阿尔法社区三期2室1厅南/北,九棵树(家乐福),3200
低楼层（6层）,59㎡,2室1厅1卫,西营前街,西北        ,通州,整租·西营前街2室1厅西北,万达,3200
高楼层（14层）,60㎡,1室1厅1卫,凯盛家园,南        ,海淀,整租·凯盛家园1室1厅南,海淀北部新区,4200
高楼层（6层）,51㎡,2室1厅1卫,老山东里,南 北        ,石景山,整租·老山东里2室1厅南/北,老山,4300
低楼层（6层）,54㎡,2室1厅1卫,三间房西里,南 北        ,朝阳,整租·三间房西里2室1厅南/北,定福庄,3900
低楼层（28层）,62㎡,2室1厅1卫,北京新天地三期,北        ,朝阳,整租·北京新天地三期2室1厅北,常营,4700
低楼层（24层）,59㎡,2室1厅1卫,碣石坪,西        ,石景山,整租·碣石坪2室1厅西,鲁谷,4200
高楼层（12层）,34㎡,1室0厅1卫,五月华庭,北        ,海淀,整租·五月华庭1室0厅北,新街口,5100
高楼层（8层）,56㎡,1室1厅1卫,沿海赛洛城七期,西        ,朝阳,整租·沿海赛洛城七期1室1厅西,百子湾,5700
高楼层（6层）,75㎡,2室1厅1卫,五里店9号院,南 北        ,丰台,整租·五里店9号院2室1厅南/北,五里店,4500
高楼层（6层）,66㎡,2室1厅1卫,兰园,南 北        ,海淀,整租·兰园2室1厅南/北,马连洼,6000
高楼层（6层）,51㎡,1室1厅1卫,华威西里,南        ,朝阳,整租·华威西里1室1厅南,潘家园,5000
中楼层（22层）,65㎡,2室1厅1卫,中建雅颂居,西        ,通州,整租·中建雅颂居2室1厅西,潞苑,3000
低楼层（6层）,49㎡,1室1厅1卫,胜古北里,南        ,朝阳,整租·胜古北里1室1厅南,惠新西街,5800
高楼层（6层）,59㎡,2室1厅1卫,定福庄西街,南 北        ,朝阳,整租·定福庄西街2室1厅南/北,定福庄,4800
高楼层（5层）,56㎡,2室1厅1卫,黄村西里,南        ,大兴,整租·黄村西里2室1厅南,黄村中,3500
高楼层（18层）,35㎡,1房间1卫,公园两栋,北        ,昌平,整租·公园两栋1房间北,天通苑,3600
中楼层（6层）,89㎡,2室2厅1卫,枫露花园,南 北        ,通州,整租·枫露花园2室2厅南/北,潞苑,3400
低楼层（6层）,57㎡,1室1厅1卫,杨庄22号院,南 北        ,通州,整租·杨庄22号院1室1厅南/北,通州北苑,3500
高楼层（5层）,54㎡,2室1厅1卫,三间房南里4号院,南        ,朝阳,整租·三间房南里4号院2室1厅南,定福庄,4000
低楼层（10层）,99㎡,2室1厅1卫,港馨家园东区,南 北        ,顺义,整租·港馨家园东区2室1厅南/北,顺义城,2600
中楼层（6层）,44㎡,1室1厅1卫,马连洼1号院,南        ,海淀,整租·马连洼1号院1室1厅南,上地,5500
高楼层（6层）,42㎡,1室1厅1卫,八里庄北里小区,南        ,朝阳,整租·八里庄北里小区1室1厅南,石佛营,5000
高楼层（6层）,80㎡,2室2厅1卫,格兰晴天,南 北        ,通州,整租·格兰晴天2室2厅南/北,玉桥,3300
高楼层（6层）,46㎡,1室1厅1卫,松榆西里,东        ,朝阳,整租·松榆西里1室1厅东,潘家园,4600
中楼层（17层）,48㎡,1室0厅1卫,财智公馆,西        ,海淀,整租·财智公馆1室0厅西,紫竹桥,5500
地下室（5层）,95㎡,2室1厅1卫,京泉馨苑,南 北        ,海淀,整租·京泉馨苑2室1厅南/北,西山,4000
低楼层（19层）,58㎡,1室1厅1卫,清上园,西北        ,海淀,整租·清上园1室1厅西北,安宁庄,5300
高楼层（6层）,53㎡,2室1厅1卫,芳园里,南 北        ,朝阳,整租·芳园里2室1厅南/北,酒仙桥,6000
中楼层（6层）,50㎡,2室1厅1卫,右外东庄,南        ,丰台,整租·右外东庄2室1厅南,北京南站,4000
中楼层（6层）,61㎡,2室1厅1卫,林校北里,南 北        ,大兴,整租·林校北里2室1厅南/北,黄村火车站,3000
中楼层（16层）,38㎡,1室0厅1卫,天天朝阳,西        ,朝阳,整租·天天朝阳1室0厅西,甘露园,4500
高楼层（6层）,43㎡,1室1厅1卫,安慧里四区,西南        ,朝阳,整租·安慧里四区1室1厅西南,亚运村,5500
低楼层（16层）,54㎡,1室1厅1卫,翠成馨园,东        ,朝阳,整租·翠成馨园1室1厅东,垡头,4500
低楼层（22层）,62㎡,1室1厅1卫,通惠家园,东        ,朝阳,整租·通惠家园1室1厅东,四惠,6100
低楼层（6层）,67㎡,2室1厅1卫,百草园,南 北        ,海淀,整租·百草园2室1厅南/北,西北旺,5800
高楼层（18层）,45㎡,1室1厅1卫,西坝河东里,南        ,朝阳,整租·西坝河东里1室1厅南,西坝河,4500
高楼层（14层）,38㎡,1室1厅1卫,东直门外大街(东城）,南        ,东城,整租·东直门外大街(东城）1室1厅南,东直门,6200
高楼层（6层）,76㎡,3室1厅1卫,富丰园小区,南 北        ,丰台,整租·富丰园小区3室1厅南/北,科技园区,4000
中楼层（6层）,83㎡,1室2厅1卫,马坡花园一区,南 北        ,顺义,整租·马坡花园一区1室2厅南/北,马坡,2600
高楼层（6层）,59㎡,2室1厅1卫,三家店西宁路,南 北        ,门头沟,整租·三家店西宁路2室1厅南/北,城子,2500
高楼层（6层）,85㎡,2室1厅1卫,建西苑北里,南 北        ,海淀,整租·建西苑北里2室1厅复式南/北,杨庄,5500
高楼层（18层）,54㎡,1室1厅1卫,中国铁建兴盛嘉苑,南        ,大兴,整租·中国铁建兴盛嘉苑1室1厅南,瀛海,3500
高楼层（6层）,60㎡,2室1厅1卫,静安东里,南        ,朝阳,整租·静安东里2室1厅南,国展,6000
高楼层（14层）,87㎡,2室1厅1卫,珠江逸景,西        ,通州,整租·珠江逸景2室1厅西,马驹桥,3500
低楼层（3层）,60㎡,1室1厅1卫,小后仓,南 北        ,西城,整租·小后仓1室1厅南/北,官园,5000
低楼层（10层）,60㎡,1室1厅1卫,椿楸嘉园,南        ,海淀,整租·椿楸嘉园1室1厅南,田村,5500
高楼层（6层）,63㎡,3室1厅1卫,定安里,东南 北        ,东城,整租·定安里3室1厅东南/北,永定门,5800
高楼层（16层）,45㎡,1室1厅1卫,红庙北里,南        ,朝阳,整租·红庙北里1室1厅南,红庙,5000
高楼层（6层）,64㎡,2室1厅1卫,马连道路5号院,南 北        ,西城,整租·马连道路5号院2室1厅南/北,马连道,4800
中楼层（15层）,43㎡,1室0厅1卫,知本时代,北        ,海淀,整租·知本时代1室0厅北,西三旗,4500
高楼层（6层）,81㎡,2室1厅1卫,西山峻景,南 北        ,石景山,整租·西山峻景2室1厅南/北,石景山其它,3500
低楼层（9层）,67㎡,1室1厅1卫,东二旗新村,南        ,昌平,整租·东二旗新村1室1厅南,北七家,3000
高楼层（6层）,56㎡,2室1厅1卫,花家地小区,西南 东北        ,朝阳,整租·花家地小区2室1厅西南/东北,望京,6000
低楼层（6层）,44㎡,1室1厅1卫,皓月苑,南        ,通州,整租·皓月苑1室1厅南,万达,3000
高楼层（20层）,66㎡,1室1厅1卫,北京新天地四期,西南        ,朝阳,整租·北京新天地四期1室1厅西南,常营,5500
中楼层（9层）,48㎡,1室1厅1卫,中国铁建顺鑫汇,东        ,顺义,整租·中国铁建顺鑫汇1室1厅东,顺义其它,2600
高楼层（4层）,51㎡,1室1厅1卫,晨欣园,南        ,丰台,整租·晨欣园1室1厅南,马家堡,4500
高楼层（6层）,70㎡,2室1厅1卫,晓月苑一里,南 北        ,丰台,整租·晓月苑一里2室1厅南/北,卢沟桥,3500
高楼层（6层）,45㎡,1室1厅1卫,三间房西里,南 北        ,朝阳,整租·三间房西里1室1厅南/北,定福庄,3500
中楼层（26层）,52㎡,1室1厅1卫,金融街融汇,东 西        ,大兴,整租·金融街融汇1室1厅东/西,天宫院,3400
高楼层（6层）,53㎡,2室1厅1卫,和义东里四区,南        ,丰台,整租·和义东里四区2室1厅南,和义,4000
中楼层（14层）,48㎡,1室1厅1卫,忠实里,东        ,东城,整租·忠实里1室1厅东,广渠门,4800
中楼层（6层）,42㎡,1室1厅1卫,月季园东里,南        ,门头沟,整租·月季园东里1室1厅南,滨河西区,2300
中楼层（6层）,49㎡,1室1厅1卫,吉祥里,西        ,朝阳,整租·吉祥里1室1厅西,朝阳门外,6100
高楼层（6层）,64㎡,2室1厅1卫,保温段,南 北        ,丰台,整租·保温段2室1厅南/北,科技园区,4500
高楼层（6层）,66㎡,2室1厅1卫,建欣苑四里,南 北        ,丰台,整租·建欣苑四里2室1厅南/北,大红门,4700
高楼层（6层）,59㎡,2室1厅1卫,天宝家园,南        ,亦庄开发区,整租·天宝家园2室1厅南,亦庄,4200
高楼层（6层）,48㎡,2室1厅1卫,望园西里,南 北        ,丰台,整租·望园西里2室1厅南/北,七里庄,4500
高楼层（18层）,66㎡,2室1厅1卫,小红庙南里,东 西        ,西城,整租·小红庙南里2室1厅东/西,广安门,5500
低楼层（19层）,60㎡,1室0厅1卫,清秀园北区,东        ,昌平,整租·清秀园北区1室0厅东,东关,3000
高楼层（6层）,74㎡,2室2厅1卫,御路园,南 北        ,昌平,整租·御路园2室2厅南/北,西关环岛,3000
中楼层（5层）,60㎡,2室1厅1卫,北新家园,南 北        ,海淀,整租·北新家园2室1厅南/北,西三旗,5500
低楼层（11层）,43㎡,1室0厅1卫,DBC加州小镇,南        ,通州,整租·DBC加州小镇1室0厅南,临河里,3100
高楼层（5层）,41㎡,1室1厅1卫,体育场路26号院,南        ,房山,整租·体育场路26号院1室1厅南,良乡,1900
高楼层（5层）,52㎡,1室1厅1卫,贵园北里甲区,南        ,亦庄开发区,整租·贵园北里甲区1室1厅南,亦庄,4000
高楼层（15层）,75㎡,2室1厅1卫,友谊嘉园二期,南 北        ,海淀,整租·友谊嘉园二期2室1厅南/北,海淀北部新区,5200
地下室（6层）,39㎡,1室0厅1卫,北露园,南        ,西城,整租·北露园1室0厅南,阜成门,4800
低楼层（15层）,54㎡,1室1厅1卫,远洋一方润园6号院,南        ,朝阳,整租·远洋一方润园6号院1室1厅南,双桥,4200
中楼层（6层）,58㎡,1室1厅1卫,瑞祥里,西        ,朝阳,整租·瑞祥里1室1厅西,管庄,3900
地下室（1层）,70㎡,2室1厅1卫,昊天嘉园,南 北        ,房山,整租·昊天嘉园2室1厅南/北,良乡,1600
低楼层（12层）,62㎡,2室1厅1卫,道家园,南 北        ,朝阳,整租·道家园2室1厅南/北,甜水园,6100
低楼层（6层）,50㎡,1室1厅1卫,古城路小区,南        ,石景山,整租·古城路小区1室1厅南,古城,4200
低楼层（30层）,26㎡,1室0厅1卫,中堂,南        ,丰台,整租·中堂1室0厅南,岳各庄,3000
低楼层（31层）,62㎡,1室1厅1卫,宝隆温泉公寓,东        ,丰台,整租·宝隆温泉公寓1室1厅东,科技园区,4500
低楼层（6层）,58㎡,2室1厅1卫,双龙南里,南 北        ,朝阳,整租·双龙南里2室1厅南/北,华威桥,4500
高楼层（19层）,37㎡,1室0厅1卫,华龙美树,北        ,朝阳,整租·华龙美树1室0厅北,管庄,4300
中楼层（21层）,40㎡,1室1厅1卫,南三环中路,东南        ,丰台,整租·南三环中路1室1厅东南,刘家窑,3700
中楼层（14层）,92㎡,2室1厅1卫,合生世界村,西        ,通州,整租·合生世界村2室1厅西,马驹桥,3000
低楼层（7层）,55㎡,1室1厅1卫,风格与林苑,南        ,丰台,整租·风格与林苑1室1厅南,花乡,3700
中楼层（6层）,93㎡,3室1厅1卫,温泉花园B区,南 北        ,昌平,整租·温泉花园B区3室1厅南/北,北七家,3200
低楼层（6层）,51㎡,2室1厅1卫,北沙滩6号院,西北        ,朝阳,整租·北沙滩6号院2室1厅西北,南沙滩,6000
中楼层（24层）,38㎡,1室1厅1卫,西坝河东里,东南        ,朝阳,整租·西坝河东里1室1厅东南,西坝河,5000
高楼层（6层）,56㎡,2室1厅1卫,城建宿舍,南 北        ,丰台,整租·城建宿舍2室1厅南/北,青塔,4200
中楼层（6层）,49㎡,1室1厅1卫,中仓小区,南 北        ,通州,整租·中仓小区1室1厅南/北,万达,2800
高楼层（6层）,59㎡,2室1厅1卫,南平里,南 北        ,朝阳,整租·南平里2室1厅南/北,首都机场,3600
低楼层（11层）,63㎡,2室1厅1卫,巴克摩界,南        ,通州,整租·巴克摩界2室1厅南,果园,3600
高楼层（18层）,41㎡,1室0厅1卫,知本时代,北        ,海淀,整租·知本时代1室0厅北,西三旗,4500
高楼层（16层）,60㎡,2室1厅1卫,苹果园小区二区,东南        ,石景山,整租·苹果园小区二区2室1厅东南,苹果园,4200
地下室（6层）,79㎡,2室1厅1卫,林海园,南 北        ,大兴,整租·林海园2室1厅南/北,观音寺,2300
中楼层（6层）,42㎡,1室1厅1卫,八里庄北里小区,南        ,朝阳,整租·八里庄北里小区1室1厅南,石佛营,4500
高楼层（10层）,60㎡,1室1厅1卫,椿楸嘉园,南        ,海淀,整租·椿楸嘉园1室1厅南,田村,6000
高楼层（14层）,48㎡,1室1厅1卫,东直门北大街,南        ,东城,整租·东直门北大街1室1厅南,东直门,5200
高楼层（30层）,30㎡,1室0厅1卫,世纪金色嘉园,东 南        ,丰台,整租·世纪金色嘉园1室0厅东/南,北京南站,3800
高楼层（5层）,48㎡,1室1厅1卫,定慧北里,南        ,海淀,整租·定慧北里1室1厅南,定慧寺,4500
高楼层（6层）,67㎡,2室1厅1卫,行宫园二里,南 北        ,房山,整租·行宫园二里2室1厅南/北,良乡,2100
低楼层（15层）,51㎡,1室1厅1卫,南庭新苑南区,东        ,丰台,整租·南庭新苑南区1室1厅东,新宫,3900
高楼层（6层）,39㎡,1室1厅1卫,樱花园,南        ,朝阳,整租·樱花园1室1厅南,惠新西街,5600
地下室（6层）,58㎡,2室1厅1卫,双槐里,南 北        ,西城,整租·双槐里2室1厅南/北,牛街,4800
低楼层（6层）,90㎡,2室1厅1卫,沙顺路110号院,东 西        ,昌平,整租·沙顺路110号院2室1厅东/西,小汤山,2600
中楼层（16层）,38㎡,1室0厅1卫,天天朝阳,东        ,朝阳,整租·天天朝阳1室0厅东,甘露园,4800
低楼层（4层）,55㎡,2室1厅1卫,垂杨柳东里,南 北        ,朝阳,整租·垂杨柳东里2室1厅南/北,劲松,4800
高楼层（28层）,68㎡,1室1厅1卫,北京新天地三期,东        ,朝阳,整租·北京新天地三期1室1厅东,常营,5600
中楼层（12层）,42㎡,1室1厅1卫,秀水园,东南        ,朝阳,整租·秀水园1室1厅东南,甜水园,5400
低楼层（1层）,30㎡,1室1厅0卫,内务部街,南 北        ,东城,整租·内务部街1室1厅南/北,金宝街,3500
高楼层（6层）,86㎡,2室2厅1卫,隆盛园,南 北        ,大兴,整租·隆盛园2室2厅南/北,天宫院南,2400
高楼层（16层）,50㎡,1室0厅1卫,雅特住区,北        ,朝阳,整租·雅特住区1室0厅北,望京,5600
高楼层（6层）,34㎡,1室1厅1卫,建新南区,北        ,顺义,整租·建新南区1室1厅北,顺义城,2200
高楼层（6层）,31㎡,1室1厅1卫,昊天嘉园,东北        ,房山,整租·昊天嘉园1室1厅东北,良乡,2400
高楼层（6层）,58㎡,2室1厅1卫,天宁寺东里,南 北        ,西城,整租·天宁寺东里2室1厅南/北,天宁寺,5500
低楼层（30层）,77㎡,2室1厅1卫,广安﹒康馨家园,南 北        ,丰台,整租·广安﹒康馨家园2室1厅南/北,青塔,4200
中楼层（18层）,50㎡,1室1厅1卫,海户西里34号院,南        ,丰台,整租·海户西里34号院1室1厅南,洋桥,4000
中楼层（9层）,69㎡,1室1厅1卫,宝盛里,南 北        ,海淀,整租·宝盛里1室1厅南/北,清河,5200
高楼层（6层）,55㎡,2室1厅1卫,南十里居,南 北        ,朝阳,整租·南十里居2室1厅南/北,朝阳公园,6000
中楼层（6层）,41㎡,1室1厅1卫,古城西路,南        ,石景山,整租·古城西路1室1厅南,古城,3800
中楼层（26层）,46㎡,1室0厅1卫,10AM新坐标,北        ,朝阳,整租·10AM新坐标1室0厅北,方庄,4500
高楼层（6层）,45㎡,1室1厅1卫,看丹路10号院,南        ,丰台,整租·看丹路10号院1室1厅南,科技园区,3700
中楼层（19层）,43㎡,1室0厅1卫,风格派,西        ,朝阳,整租·风格派1室0厅西,亚运村小营,5300
高楼层（7层）,70㎡,2室1厅1卫,安宁里南区,南 北        ,海淀,整租·安宁里南区2室1厅复式南/北,安宁庄,5000
高楼层（5层）,56㎡,1室2厅1卫,东方生活区,南 北        ,通州,整租·东方生活区1室2厅南/北,万达,3100
低楼层（28层）,38㎡,1室0厅1卫,炫特嘉园二期,西北        ,朝阳,整租·炫特嘉园二期1室0厅西北,石佛营,4700
中楼层（6层）,91㎡,2室1厅1卫,华龙小区,南 北        ,通州,整租·华龙小区2室1厅南/北,潞苑,3300
高楼层（6层）,65㎡,2室1厅1卫,田村37号院,南 北        ,海淀,整租·田村37号院2室1厅南/北,田村,6000
高楼层（24层）,55㎡,1室1厅1卫,南新园,南        ,朝阳,整租·南新园1室1厅南,华威桥,5200
高楼层（6层）,64㎡,2室1厅1卫,菊园,南 北        ,海淀,整租·菊园2室1厅南/北,马连洼,5600
高楼层（6层）,87㎡,2室1厅1卫,伟业嘉园北里,北        ,房山,整租·伟业嘉园北里2室1厅北,良乡,2500
中楼层（21层）,49㎡,1室0厅1卫,晶都国际,东南        ,朝阳,整租·晶都国际1室0厅东南,酒仙桥,5600
高楼层（15层）,47㎡,1室1厅1卫,太平桥西里,东        ,丰台,整租·太平桥西里1室1厅东,太平桥,4600
低楼层（20层）,52㎡,1室1厅1卫,远见名苑,北        ,西城,整租·远见名苑1室1厅北,广安门,5500
低楼层（7层）,27㎡,1室1厅1卫,康颐园,南 北        ,大兴,整租·康颐园1室1厅南/北,高米店南,3200
低楼层（6层）,60㎡,2室1厅1卫,永泰东里,南 北        ,海淀,整租·永泰东里2室1厅南/北,清河,5900
高楼层（32层）,44㎡,1室0厅1卫,天居园,西        ,朝阳,整租·天居园1室0厅西,奥林匹克公园,5300
高楼层（5层）,62㎡,2室1厅1卫,永乐东区,东        ,石景山,整租·永乐东区2室1厅东,鲁谷,4300
高楼层（6层）,41㎡,1室1厅1卫,劲松五区,南        ,朝阳,整租·劲松五区1室1厅南,劲松,4500
中楼层（6层）,84㎡,3室1厅1卫,燕北园,南 北        ,海淀,整租·燕北园3室1厅南/北,颐和园,5000
高楼层（6层）,72㎡,2室1厅1卫,富丰路8号院,南        ,丰台,整租·富丰路8号院2室1厅南,科技园区,4600
高楼层（16层）,44㎡,1室1厅1卫,复兴路乙6号院,南        ,海淀,整租·复兴路乙6号院1室1厅南,军博,5500
高楼层（6层）,52㎡,2室1厅1卫,五建小区,南        ,朝阳,整租·五建小区2室1厅南,定福庄,5000
中楼层（6层）,43㎡,1室1厅1卫,八里庄北里,南        ,海淀,整租·八里庄北里1室1厅南,定慧寺,5000
高楼层（6层）,39㎡,1室1厅1卫,东馨园,南 北        ,海淀,整租·东馨园1室1厅南/北,西北旺,5000
低楼层（6层）,50㎡,1室1厅1卫,德茂小区,南 北        ,大兴,整租·德茂小区1室1厅南/北,瀛海,2700
高楼层（20层）,39㎡,1室0厅1卫,天伦锦城,北        ,丰台,整租·天伦锦城1室0厅北,花乡,3600
低楼层（29层）,52㎡,1室1厅1卫,首开畅心园,南        ,朝阳,整租·首开畅心园1室1厅南,常营,4900
高楼层（7层）,65㎡,2室1厅1卫,科学园南里七区,南 北        ,朝阳,整租·科学园南里七区2室1厅南/北,南沙滩,5200
高楼层（6层）,51㎡,1室1厅1卫,华威西里,北        ,朝阳,整租·华威西里1室1厅北,潘家园,4500
中楼层（22层）,90㎡,2室1厅1卫,大方居,东        ,通州,整租·大方居2室1厅东,九棵树(家乐福),3500
低楼层（21层）,58㎡,1室0厅1卫,领行国际,北        ,东城,整租·领行国际1室0厅北,广渠门,5500
高楼层（6层）,64㎡,2室1厅1卫,新安北里,东 西        ,西城,整租·新安北里2室1厅东/西,白纸坊,5800
中楼层（5层）,56㎡,2室1厅1卫,昊天大街17号院,南 北        ,房山,整租·昊天大街17号院2室1厅南/北,良乡,2100
高楼层（6层）,41㎡,1室1厅1卫,和平里三区,东南        ,东城,整租·和平里三区1室1厅东南,和平里,5600
中楼层（6层）,46㎡,1室1厅1卫,建材城西二里,东        ,海淀,整租·建材城西二里1室1厅东,西三旗,4200
高楼层（28层）,61㎡,2室1厅1卫,顺兴街17号院,东        ,顺义,整租·顺兴街17号院2室1厅东,马坡,2600
低楼层（16层）,56㎡,2室1厅1卫,甘露家园,南        ,朝阳,整租·甘露家园2室1厅南,甘露园,5300
低楼层（20层）,34㎡,1室0厅1卫,中海御鑫阁,东南        ,丰台,整租·中海御鑫阁1室0厅东南,科技园区,4100
低楼层（6层）,50㎡,1室1厅1卫,新村二里,南        ,丰台,整租·新村二里1室1厅错层南,玉泉营,3800
低楼层（24层）,58㎡,1室1厅1卫,世安家园,南        ,朝阳,整租·世安家园1室1厅南,望京,6000
中楼层（16层）,101㎡,2室1厅2卫,朝阳旺角,南 北        ,朝阳,整租·朝阳旺角2室1厅南/北,双桥,5100
低楼层（6层）,73㎡,2室1厅1卫,气象局家属院,南        ,通州,整租·气象局家属院2室1厅南,通州北苑,3500
高楼层（7层）,58㎡,2室1厅1卫,梅源里小区,南 北        ,丰台,整租·梅源里小区2室1厅南/北,旧宫,3200
低楼层（20层）,50㎡,1室1厅1卫,荣丰2008,西        ,西城,整租·荣丰20081室1厅西,广安门,5000
高楼层（6层）,64㎡,2室1厅1卫,石园东区,南 北        ,顺义,整租·石园东区2室1厅南/北,顺义城,2500
低楼层（26层）,49㎡,1室1厅1卫,设计师广场,东南        ,丰台,整租·设计师广场1室1厅东南,科技园区,4100
低楼层（6层）,61㎡,2室1厅1卫,酒仙桥四街坊,南 北        ,朝阳,整租·酒仙桥四街坊2室1厅南/北,酒仙桥,5200
高楼层（6层）,58㎡,2室1厅1卫,南厂东区,南 北        ,昌平,整租·南厂东区2室1厅南/北,南口,1800
高楼层（4层）,60㎡,2室1厅1卫,富强西里,东 西        ,大兴,整租·富强西里2室1厅东/西,黄村中,3200
中楼层（6层）,83㎡,2室1厅1卫,世嘉丽晶,南 北        ,丰台,整租·世嘉丽晶2室1厅南/北,和义,4600
中楼层（18层）,61㎡,1室1厅1卫,红莲晴园,西        ,西城,整租·红莲晴园1室1厅西,马连道,5500
低楼层（11层）,89㎡,2室1厅1卫,远洋一方溪语苑,南 北        ,朝阳,整租·远洋一方溪语苑2室1厅南/北,双桥,5900
低楼层（24层）,64㎡,2室1厅1卫,绿岛苑西区,西南        ,朝阳,整租·绿岛苑西区2室1厅西南,定福庄,4500
低楼层（6层）,40㎡,1室1厅1卫,大井东里,南        ,丰台,整租·大井东里1室1厅南,岳各庄,3400
高楼层（6层）,60㎡,2室1厅1卫,白纸坊西街6号院,南 北        ,西城,整租·白纸坊西街6号院2室1厅南/北,右安门内,5900
高楼层（6层）,57㎡,2室1厅1卫,新源西里东街,南 北        ,朝阳,整租·新源西里东街2室1厅南/北,东直门,6000
中楼层（22层）,90㎡,2室1厅1卫,双合家园,南 北        ,朝阳,整租·双合家园2室1厅南/北,垡头,5300
低楼层（6层）,80㎡,2室1厅1卫,北亚花园,南 北        ,昌平,整租·北亚花园2室1厅南/北,北七家,3400
低楼层（17层）,36㎡,1室1厅1卫,西营房,北        ,东城,整租·西营房1室1厅北,安定门,5000
低楼层（5层）,70㎡,2室1厅1卫,黄村西里,南        ,大兴,整租·黄村西里2室1厅南,黄村中,3500
中楼层（6层）,61㎡,2室1厅1卫,七一宿舍,西北        ,昌平,整租·七一宿舍2室1厅西北,鼓楼大街,3200
中楼层（5层）,53㎡,2室1厅1卫,建新北区,南        ,顺义,整租·建新北区2室1厅南,顺义城,3300
高楼层（6层）,52㎡,1室1厅1卫,苇子坑1号院,西        ,丰台,整租·苇子坑1号院1室1厅西,成寿寺,4300
中楼层（6层）,56㎡,2室1厅1卫,车站北里,南 北        ,大兴,整租·车站北里2室1厅南/北,黄村火车站,3400
中楼层（24层）,62㎡,1室1厅1卫,富华家园,东南        ,朝阳,整租·富华家园1室1厅东南,高碑店,5600
高楼层（6层）,76㎡,2室1厅1卫,御园E区,南        ,大兴,整租·御园E区2室1厅南,天宫院南,2300
低楼层（6层）,41㎡,1室1厅1卫,和平里三区,西南        ,东城,整租·和平里三区1室1厅西南,和平里,5000
高楼层（6层）,62㎡,2室1厅1卫,西井小区三区,南 北        ,石景山,整租·西井小区三区2室1厅南/北,苹果园,4300
高楼层（7层）,58㎡,1室1厅1卫,新中西街,东 西        ,东城,整租·新中西街1室1厅东/西,朝阳门外,5600
高楼层（6层）,58㎡,2室1厅1卫,天宁寺西里,南 北        ,西城,整租·天宁寺西里2室1厅南/北,天宁寺,5500
地下室（6层）,46㎡,1室1厅1卫,志强北园,南        ,海淀,整租·志强北园1室1厅南,小西天,5100
高楼层（6层）,60㎡,1室1厅1卫,中泽雅园,南        ,通州,整租·中泽雅园1室1厅南,九棵树(家乐福),3300
中楼层（18层）,42㎡,1室0厅1卫,炫特嘉园一期,北        ,朝阳,整租·炫特嘉园一期1室0厅北,石佛营,5000
高楼层（6层）,71㎡,2室1厅1卫,轮胎厂宿舍,南 北        ,海淀,整租·轮胎厂宿舍2室1厅南/北,西三旗,5300
低楼层（6层）,64㎡,1室1厅1卫,芳源里,南 北        ,大兴,整租·芳源里1室1厅南/北,旧宫,3300
中楼层（4层）,72㎡,2室1厅1卫,门头馨村,东 南 北        ,海淀,整租·门头馨村2室1厅东/南/北,西山,4800
高楼层（6层）,60㎡,2室1厅1卫,田村48号院,南 北        ,海淀,整租·田村48号院2室1厅南/北,田村,5600
低楼层（15层）,74㎡,1室1厅1卫,九洲溪雅苑二区,南        ,房山,整租·九洲溪雅苑二区1室1厅南,长阳,2600
中楼层（5层）,64㎡,2室1厅1卫,建新南区,南 西北        ,顺义,整租·建新南区2室1厅南/西北,顺义城,3200
高楼层（6层）,65㎡,2室1厅1卫,南苑北里二区,南 北        ,丰台,整租·南苑北里二区2室1厅南/北,和义,3500
高楼层（6层）,55㎡,2室1厅1卫,通惠小区,南 北        ,通州,整租·通惠小区2室1厅南/北,北关,3500
中楼层（12层）,34㎡,1室0厅1卫,绿景苑,南        ,东城,整租·绿景苑1室0厅南,广渠门,5000
中楼层（10层）,65㎡,2室1厅1卫,清缘里中区,南 北        ,海淀,整租·清缘里中区2室1厅南/北,清河,5500
高楼层（6层）,58㎡,2室1厅1卫,康静里,南 北        ,朝阳,整租·康静里2室1厅南/北,东坝,4100
中楼层（6层）,38㎡,1室1厅1卫,北大街北里,南        ,丰台,整租·北大街北里1室1厅南,七里庄,4000
高楼层（6层）,43㎡,2室1厅1卫,和平街十三区,南        ,朝阳,整租·和平街十三区2室1厅南,和平里,5300
高楼层（6层）,81㎡,2室1厅1卫,北亚花园,东 西        ,昌平,整租·北亚花园2室1厅东/西,北七家,3200
低楼层（5层）,47㎡,2室1厅1卫,垂杨柳北里,南 北        ,朝阳,整租·垂杨柳北里2室1厅南/北,劲松,5500
低楼层（11层）,43㎡,1室0厅1卫,DBC加州小镇,南        ,通州,整租·DBC加州小镇1室0厅南,临河里,3200
中楼层（28层）,83㎡,2室1厅1卫,弘善家园,东南        ,朝阳,整租·弘善家园2室1厅东南,潘家园,6100
中楼层（6层）,50㎡,2室1厅1卫,北京第二制药厂宿舍,东        ,朝阳,整租·北京第二制药厂宿舍2室1厅东,百子湾,5500
中楼层（16层）,48㎡,1室1厅1卫,劲松二区,东 北        ,朝阳,整租·劲松二区1室1厅东/北,劲松,4800
低楼层（15层）,54㎡,1室1厅1卫,远洋一方润园6号院,南        ,朝阳,整租·远洋一方润园6号院1室1厅南,双桥,4200
高楼层（6层）,47㎡,1室1厅1卫,双河南里,东        ,大兴,整租·双河南里1室1厅东,观音寺,2500
中楼层（7层）,60㎡,2室1厅1卫,建材城东一里,东 西        ,海淀,整租·建材城东一里2室1厅东/西,西三旗,4900
高楼层（14层）,45㎡,1室1厅1卫,和平街十五区1号院,南 北        ,朝阳,整租·和平街十五区1号院1室1厅南/北,和平里,5500
低楼层（6层）,70㎡,2室1厅1卫,盛春坊,南 北        ,大兴,整租·盛春坊2室1厅南/北,郁花园,2800
低楼层（6层）,51㎡,1室1厅1卫,清逸园,南        ,大兴,整租·清逸园1室1厅南,旧宫,3000
高楼层（5层）,54㎡,1室1厅1卫,天泰定福苑,南 北        ,朝阳,整租·天泰定福苑1室1厅南/北,定福庄,4500
高楼层（6层）,109㎡,2室2厅1卫,东潞苑,南 北        ,通州,整租·东潞苑2室2厅南/北,潞苑,3500
高楼层（6层）,62㎡,2室1厅1卫,椿树馆街35号院,东 西        ,西城,整租·椿树馆街35号院2室1厅东/西,天宁寺,5300
低楼层（14层）,57㎡,1室1厅1卫,加州水郡三期,东北        ,房山,整租·加州水郡三期1室1厅东北,长阳,2300
中楼层（18层）,54㎡,1室1厅1卫,管庄新村,南        ,朝阳,整租·管庄新村1室1厅南,双桥,4600
高楼层（6层）,53㎡,1室1厅1卫,六里桥10号院,东南        ,丰台,整租·六里桥10号院1室1厅东南,六里桥,4300
中楼层（5层）,51㎡,2室1厅1卫,首都机场南路西里,南        ,朝阳,整租·首都机场南路西里2室1厅南,首都机场,3600
中楼层（6层）,59㎡,2室1厅1卫,和义东里四区,东 西        ,丰台,整租·和义东里四区2室1厅东/西,和义,3600
中楼层（18层）,76㎡,2室1厅1卫,惠通新苑,南        ,门头沟,整租·惠通新苑2室1厅南,门头沟其它,2300
中楼层（5层）,56㎡,2室1厅1卫,小营东路6号院,南 北        ,海淀,整租·小营东路6号院2室1厅南/北,清河,6000
高楼层（6层）,44㎡,1室0厅1卫,西山华府,北        ,海淀,整租·西山华府1室0厅北,马连洼,5800
高楼层（6层）,60㎡,2室1厅1卫,松榆西里,南 北        ,朝阳,整租·松榆西里2室1厅南/北,潘家园,6000
高楼层（9层）,40㎡,1室0厅1卫,玉泉西路甲3号院,东        ,石景山,整租·玉泉西路甲3号院1室0厅东,玉泉路,4300
中楼层（18层）,47㎡,2室1厅2卫,富力又一城C区,南        ,朝阳,整租·富力又一城C区2室1厅南,豆各庄,4800
低楼层（1层）,75㎡,3室1厅1卫,香山南营72号,南 北        ,海淀,整租·香山南营72号3室1厅南/北,西山,5500
低楼层（32层）,67㎡,1室0厅1卫,新康园,北        ,海淀,整租·新康园1室0厅北,西三旗,4600
高楼层（6层）,59㎡,2室1厅1卫,东革新里40号院,南 北        ,东城,整租·东革新里40号院2室1厅南/北,永定门,5000
中楼层（6层）,62㎡,2室1厅1卫,马连道路13号院,西南        ,西城,整租·马连道路13号院2室1厅西南,马连道,6000
低楼层（32层）,87㎡,2室1厅1卫,新康园,东南 北        ,海淀,整租·新康园2室1厅东南/北,西三旗,5900
中楼层（10层）,50㎡,1室1厅1卫,芳怡园,南        ,海淀,整租·芳怡园1室1厅南,西北旺,5000
高楼层（9层）,40㎡,1室0厅1卫,金隅凤麟洲,东        ,朝阳,整租·金隅凤麟洲1室0厅东,朝青,5500
低楼层（15层）,51㎡,1室1厅1卫,南庭新苑北区,东        ,丰台,整租·南庭新苑北区1室1厅东,新宫,4200
高楼层（12层）,31㎡,1室0厅1卫,五月华庭,北        ,海淀,整租·五月华庭1室0厅北,新街口,5100
低楼层（9层）,93㎡,2室1厅1卫,金色漫香郡北区,南 北        ,大兴,整租·金色漫香郡北区2室1厅南/北,大兴其它,2600
高楼层（6层）,58㎡,2室1厅1卫,垡头北里,南 北        ,朝阳,整租·垡头北里2室1厅南/北,垡头,5000
高楼层（3层）,58㎡,2室1厅1卫,万源北路7号,南 北        ,丰台,整租·万源北路7号2室1厅南/北,旧宫,4000
中楼层（18层）,88㎡,3室1厅1卫,北街家园六区,东 西        ,昌平,整租·北街家园六区3室1厅东/西,沙河,3300
低楼层（12层）,35㎡,1房间1卫,五月华庭,南        ,海淀,整租·五月华庭1房间复式南,新街口,5000
高楼层（5层）,51㎡,2室1厅1卫,北沙滩1号院,南        ,朝阳,整租·北沙滩1号院2室1厅南,南沙滩,6000
高楼层（7层）,64㎡,2室1厅1卫,砂轮厂宿舍,南 北        ,海淀,整租·砂轮厂宿舍2室1厅南/北,清河,4700
高楼层（4层）,44㎡,2室1厅1卫,五机床厂宿舍,南        ,海淀,整租·五机床厂宿舍2室1厅南,西三旗,4300
高楼层（5层）,20㎡,1室1厅1卫,港沟小区,南        ,海淀,整租·港沟小区1室1厅南,苏州桥,4000
高楼层（6层）,61㎡,2室1厅1卫,垡头北里,南 北        ,朝阳,整租·垡头北里2室1厅南/北,垡头,4200
低楼层（6层）,78㎡,2室1厅1卫,兴海园,南 北        ,大兴,整租·兴海园2室1厅南/北,瀛海,3500
中楼层（13层）,66㎡,1室0厅1卫,天鸿美域,南        ,丰台,整租·天鸿美域1室0厅南,青塔,4200
低楼层（5层）,50㎡,2室1厅1卫,安福苑,南        ,昌平,整租·安福苑2室1厅南,鼓楼大街,3100
中楼层（21层）,53㎡,1室1厅1卫,国融国际,东南        ,亦庄开发区,整租·国融国际1室1厅东南,亦庄,4300
中楼层（6层）,75㎡,2室1厅1卫,富丰路8号院,南 北        ,丰台,整租·富丰路8号院2室1厅南/北,科技园区,4400
高楼层（6层）,57㎡,2室1厅1卫,东军庄,南        ,朝阳,整租·东军庄2室1厅南,管庄,3800
低楼层（6层）,50㎡,2室1厅1卫,车站北里,南        ,大兴,整租·车站北里2室1厅南,黄村火车站,3300
低楼层（6层）,50㎡,1室1厅1卫,樱花园,南        ,朝阳,整租·樱花园1室1厅南,惠新西街,5600
高楼层（6层）,62㎡,2室1厅1卫,西潞园二里,南 北        ,房山,整租·西潞园二里2室1厅南/北,良乡,2300
中楼层（6层）,47㎡,2室1厅1卫,慈云寺,东南        ,朝阳,整租·慈云寺2室1厅东南,红庙,5500
高楼层（22层）,44㎡,1室1厅1卫,文慧园15号16公寓,北        ,海淀,整租·文慧园15号16公寓1室1厅北,新街口,5800
中楼层（6层）,66㎡,2室1厅1卫,八角北里,南 北        ,石景山,整租·八角北里2室1厅南/北,八角,4200
高楼层（18层）,41㎡,1室1厅1卫,曙光里,西        ,朝阳,整租·曙光里1室1厅西,三元桥,5300
高楼层（6层）,49㎡,1室1厅1卫,金顶北路九号院,南        ,石景山,整租·金顶北路九号院1室1厅南,苹果园,3700
高楼层（18层）,67㎡,2室1厅1卫,八里庄北里小区,西南        ,朝阳,整租·八里庄北里小区2室1厅西南,石佛营,6000
高楼层（6层）,59㎡,1室1厅1卫,鸿博家园六区,南 北        ,朝阳,整租·鸿博家园六区1室1厅南/北,十八里店,4200
高楼层（15层）,42㎡,1室0厅1卫,万年花城新回迁,西        ,丰台,整租·万年花城新回迁1室0厅西,玉泉营,4000
低楼层（14层）,84㎡,2室1厅1卫,温泉东里,南        ,朝阳,整租·温泉东里2室1厅南,双桥,4300
高楼层（6层）,89㎡,2室1厅1卫,一品嘉园,南 北        ,大兴,整租·一品嘉园2室1厅南/北,天宫院南,3400
高楼层（5层）,51㎡,2室1厅1卫,毛纺厂宿舍,南        ,昌平,整租·毛纺厂宿舍2室1厅南,西关环岛,2500
中楼层（27层）,45㎡,1室1厅1卫,海棠湾一期,东        ,通州,整租·海棠湾一期1室1厅东,临河里,3100
高楼层（6层）,89㎡,2室1厅1卫,望都新地,南 北        ,昌平,整租·望都新地2室1厅南/北,北七家,4000
高楼层（12层）,92㎡,2室1厅1卫,和平家园小区,南 北        ,昌平,整租·和平家园小区2室1厅南/北,鼓楼大街,3800
高楼层（6层）,63㎡,2室1厅1卫,建材城西二里,南 北        ,海淀,整租·建材城西二里2室1厅南/北,西三旗,5000
中楼层（6层）,43㎡,2室0厅1卫,和义东里三区,南        ,丰台,整租·和义东里三区2室0厅南,和义,3500
高楼层（20层）,55㎡,1室1厅1卫,牛街西里,东        ,西城,整租·牛街西里1室1厅东,牛街,5700
高楼层（12层）,71㎡,2室1厅1卫,潘家园小区,东南        ,朝阳,整租·潘家园小区2室1厅东南,潘家园,5500
低楼层（6层）,40㎡,1室1厅1卫,石榴庄西街,南        ,丰台,整租·石榴庄西街1室1厅南,赵公口,3900
中楼层（7层）,56㎡,2室1厅1卫,拱辰大街,南 北        ,房山,整租·拱辰大街2室1厅南/北,良乡,1700
高楼层（13层）,52㎡,1室0厅1卫,恒大领寓,东        ,朝阳,整租·恒大领寓1室0厅东,豆各庄,4600
中楼层（26层）,46㎡,1室0厅1卫,10AM新坐标,南        ,朝阳,整租·10AM新坐标1室0厅南,方庄,5300
高楼层（5层）,51㎡,2室1厅1卫,红居斜街4号院,南        ,西城,整租·红居斜街4号院2室1厅南,广安门,5000
中楼层（6层）,49㎡,2室1厅1卫,永乐东区,西        ,石景山,整租·永乐东区2室1厅西,鲁谷,4000
低楼层（6层）,60㎡,1室1厅1卫,平乐园小区,南        ,朝阳,整租·平乐园小区1室1厅南,北工大,4600
高楼层（6层）,83㎡,2室1厅1卫,桃园小区,南        ,门头沟,整租·桃园小区2室1厅南,大峪,2500
中楼层（12层）,66㎡,1室1厅1卫,绿城百合公寓玉泉苑,南        ,房山,整租·绿城百合公寓玉泉苑1室1厅南,阎村,2700
中楼层（18层）,45㎡,1室1厅1卫,双龙南里,南        ,朝阳,整租·双龙南里1室1厅南,华威桥,4300
高楼层（2层）,91㎡,3室1厅1卫,国瑞熙墅,南 北        ,昌平,整租·国瑞熙墅3室1厅南/北,北七家,3500
低楼层（30层）,54㎡,1室0厅1卫,10AM新坐标,西南        ,朝阳,整租·10AM新坐标1室0厅西南,方庄,4800
高楼层（6层）,40㎡,1室1厅1卫,普惠南里,南        ,海淀,整租·普惠南里1室1厅南,公主坟,5500
低楼层（1层）,24㎡,1室0厅0卫,大外廊营胡同,南        ,西城,整租·大外廊营胡同1室0厅南,宣武门,2900
中楼层（21层）,69㎡,1室1厅1卫,朝阳无限,南        ,朝阳,整租·朝阳无限1室1厅南,甘露园,6000
高楼层（6层）,60㎡,1室1厅1卫,石园东区,南 北        ,顺义,整租·石园东区1室1厅南/北,顺义城,2800
低楼层（6层）,61㎡,1室1厅1卫,张仪村4号院,东        ,丰台,整租·张仪村4号院1室1厅东,青塔,4000
低楼层（6层）,88㎡,2室1厅1卫,自然佳境,南 北        ,通州,整租·自然佳境2室1厅南/北,潞苑,3500
中楼层（15层）,73㎡,2室1厅1卫,怡馨家园,东        ,顺义,整租·怡馨家园2室1厅东,顺义城,3100
高楼层（4层）,54㎡,1室1厅1卫,双桥中路10号北院,南 北        ,朝阳,整租·双桥中路10号北院1室1厅南/北,双桥,3800
中楼层（5层）,56㎡,1室1厅1卫,广渠门外大街,南        ,朝阳,整租·广渠门外大街1室1厅南,劲松,5500
中楼层（19层）,60㎡,2室1厅1卫,花园新区,北        ,海淀,整租·花园新区2室1厅北,清河,5500
低楼层（6层）,59㎡,2室1厅1卫,丰西北里,南 北        ,丰台,整租·丰西北里2室1厅南/北,五里店,3300
低楼层（28层）,90㎡,2室1厅1卫,康泉小区,南        ,朝阳,整租·康泉小区2室1厅南,双桥,5600
低楼层（15层）,42㎡,1室0厅1卫,隆远阁,东        ,朝阳,整租·隆远阁1室0厅东,芍药居,6000
中楼层（27层）,57㎡,1室1厅1卫,官悦欣园A区,南        ,朝阳,整租·官悦欣园A区1室1厅南,欢乐谷,5100
低楼层（20层）,49㎡,2室1厅1卫,西坝河北里,南 北        ,朝阳,整租·西坝河北里2室1厅南/北,西坝河,6000
低楼层（16层）,40㎡,1室1厅1卫,和平街十一区,北        ,朝阳,整租·和平街十一区1室1厅北,和平里,5300
高楼层（6层）,57㎡,2室1厅1卫,北苑3号院,南 北        ,朝阳,整租·北苑3号院2室1厅南/北,北苑,5300
中楼层（16层）,43㎡,2室0厅1卫,学院南路32号院,东        ,海淀,整租·学院南路32号院2室0厅东,小西天,5500
高楼层（6层）,69㎡,3室1厅1卫,蒲黄榆十一巷,南 北        ,东城,整租·蒲黄榆十一巷3室1厅南/北,蒲黄榆,6200
中楼层（23层）,46㎡,2房间1卫,辉煌国际,南        ,海淀,整租·辉煌国际2房间南,上地,5500
高楼层（6层）,60㎡,2室1厅1卫,广宁村,南        ,石景山,整租·广宁村2室1厅南,苹果园,3100
高楼层（11层）,46㎡,1室0厅1卫,金港国际,西        ,朝阳,整租·金港国际1室0厅西,大望路,6000
高楼层（6层）,64㎡,1室1厅1卫,东军庄,南 北        ,朝阳,整租·东军庄1室1厅南/北,管庄,3300
高楼层（6层）,52㎡,2室1厅1卫,翠微路2号院,东 西        ,海淀,整租·翠微路2号院2室1厅东/西,公主坟,5800
低楼层（6层）,80㎡,2室1厅1卫,郝庄家园西区,南 北        ,昌平,整租·郝庄家园西区2室1厅南/北,西关环岛,3000
高楼层（4层）,83㎡,2室1厅1卫,田村山南路9号院,南        ,海淀,整租·田村山南路9号院2室1厅南,玉泉路,5500
低楼层（3层）,83㎡,2室1厅2卫,龙脉温泉,南 北        ,昌平,整租·龙脉温泉2室1厅南/北,昌平其它,2600
低楼层（6层）,48㎡,1室1厅1卫,东土城路13号院,南 北        ,朝阳,整租·东土城路13号院1室1厅南/北,和平里,5000
中楼层（6层）,51㎡,2室1厅1卫,永内西街北里,南        ,西城,整租·永内西街北里2室1厅南,陶然亭,5000
高楼层（6层）,54㎡,2室1厅1卫,南开西里,南 北        ,丰台,整租·南开西里2室1厅南/北,看丹桥,4200
高楼层（5层）,48㎡,2室1厅1卫,永定路98号院,东 西        ,海淀,整租·永定路98号院2室1厅东/西,五棵松,5500
中楼层（26层）,84㎡,2室2厅1卫,金蝉南里,东南        ,朝阳,整租·金蝉南里2室2厅东南,欢乐谷,6000
地下室（6层）,38㎡,1室0厅1卫,前半壁街,南        ,西城,整租·前半壁街1室0厅南,官园,5500
中楼层（6层）,60㎡,2室1厅1卫,定慧北里,南 北        ,海淀,整租·定慧北里2室1厅南/北,定慧寺,5300
中楼层（7层）,29㎡,1室0厅1卫,兴隆都市馨园,南        ,东城,整租·兴隆都市馨园1室0厅南,崇文门,5900
中楼层（6层）,61㎡,2室1厅1卫,双龙南里,东 西        ,朝阳,整租·双龙南里2室1厅东/西,华威桥,5600
高楼层（22层）,63㎡,1室1厅1卫,东一时区,东南        ,朝阳,整租·东一时区1室1厅东南,双桥,4500
低楼层（6层）,42㎡,1室0厅1卫,幸福东区,南 北        ,顺义,整租·幸福东区1室0厅南/北,顺义城,3000
高楼层（6层）,47㎡,2室1厅1卫,花市东三条,东 西 北        ,东城,整租·花市东三条2室1厅东/西/北,东花市,6200
高楼层（23层）,58㎡,1室0厅1卫,设计师广场,东北        ,丰台,整租·设计师广场1室0厅东北,科技园区,4500
中楼层（6层）,83㎡,2室1厅1卫,康盛园,南 北        ,大兴,整租·康盛园2室1厅南/北,高米店南,3500
高楼层（6层）,57㎡,2室1厅1卫,鼓楼北街3号,东        ,昌平,整租·鼓楼北街3号2室1厅东,鼓楼大街,3000
中楼层（6层）,56㎡,2室1厅1卫,安装宿舍,南 北        ,海淀,整租·安装宿舍2室1厅南/北,定慧寺,5800
地下室（6层）,44㎡,1室1厅1卫,四平园,南        ,西城,整租·四平园1室1厅南,陶然亭,4700
中楼层（6层）,57㎡,2室1厅1卫,水利局一处宿舍,南 北        ,海淀,整租·水利局一处宿舍2室1厅南/北,安宁庄,5100
低楼层（6层）,58㎡,1室1厅1卫,磨房南里,南 北        ,朝阳,整租·磨房南里1室1厅南/北,北工大,5200
低楼层（10层）,48㎡,1室0厅1卫,三槐家园,南        ,大兴,整租·三槐家园1室0厅南,瀛海,2800
低楼层（5层）,58㎡,2室1厅1卫,苗圃西里,东 西        ,丰台,整租·苗圃西里2室1厅东/西,大红门,4300
低楼层（7层）,35㎡,1室1厅1卫,樱花园二区,南 北        ,顺义,整租·樱花园二区1室1厅南/北,李桥,2500
高楼层（6层）,81㎡,3室1厅1卫,石泉砖厂B9区,南 北        ,门头沟,整租·石泉砖厂B9区3室1厅南/北,门头沟其它,2200
低楼层（10层）,45㎡,1室0厅1卫,六里屯三区,东        ,海淀,整租·六里屯三区1室0厅东,海淀北部新区,4500
低楼层（7层）,63㎡,2室1厅1卫,兆丰园,东        ,丰台,整租·兆丰园2室1厅东,青塔,4200
高楼层（20层）,47㎡,2房间1卫,中海城紫鑫阁,西        ,朝阳,整租·中海城紫鑫阁2房间西,成寿寺,5700
地下室（6层）,53㎡,1室1厅1卫,小南庄社区,南        ,海淀,整租·小南庄社区1室1厅南,苏州桥,5000
中楼层（14层）,55㎡,1室0厅1卫,龙头公寓,北        ,朝阳,整租·龙头公寓1室0厅北,华威桥,5600
高楼层（6层）,60㎡,1室1厅1卫,胜古北里,南 北        ,朝阳,整租·胜古北里1室1厅南/北,惠新西街,6000
中楼层（6层）,39㎡,1室1厅1卫,玉泉路甲65号院,南        ,石景山,整租·玉泉路甲65号院1室1厅南,鲁谷,3800
中楼层（15层）,91㎡,2室1厅1卫,金宝城北区,南        ,顺义,整租·金宝城北区2室1厅南,马坡,3000
高楼层（7层）,73㎡,2室1厅1卫,首创悦都汇,北        ,大兴,整租·首创悦都汇2室1厅北,大兴其它,2300
中楼层（6层）,60㎡,1室1厅1卫,泰河园三里,南 北        ,亦庄开发区,整租·泰河园三里1室1厅南/北,亦庄开发区其它,3100
高楼层（6层）,65㎡,2室1厅1卫,东兴一区,南 北        ,顺义,整租·东兴一区2室1厅南/北,顺义城,3200
中楼层（16层）,46㎡,1室1厅1卫,工体北路,南        ,东城,整租·工体北路1室1厅南,工体,6000
地下室（6层）,35㎡,1室1厅1卫,三里河三区,东        ,西城,整租·三里河三区1室1厅东,月坛,5300
低楼层（6层）,71㎡,1室1厅1卫,明春西园,南 北        ,大兴,整租·明春西园1室1厅南/北,科技园区,3300
高楼层（3层）,86㎡,2室1厅1卫,华远和墅,东        ,大兴,整租·华远和墅2室1厅东,大兴其它,2800
高楼层（5层）,70㎡,2室1厅1卫,西辛北区,南 北        ,顺义,整租·西辛北区2室1厅南/北,顺义城,3200
高楼层（6层）,57㎡,2室1厅1卫,三丰里小区,南 北        ,朝阳,整租·三丰里小区2室1厅南/北,朝阳门外,6000
高楼层（6层）,88㎡,2室1厅1卫,锦华园,南 北        ,大兴,整租·锦华园2室1厅南/北,黄村火车站,3400
低楼层（7层）,48㎡,1室1厅1卫,地质附中,南 北        ,海淀,整租·地质附中1室1厅南/北,五道口,5800
低楼层（6层）,39㎡,1室1厅1卫,张郭庄小区,南 北        ,丰台,整租·张郭庄小区1室1厅南/北,丰台其它,2600
低楼层（5层）,48㎡,2室1厅1卫,垡头西里,南        ,朝阳,整租·垡头西里2室1厅南,垡头,4500
中楼层（6层）,47㎡,1室1厅1卫,万寿路小区,东        ,海淀,整租·万寿路小区1室1厅东,公主坟,4800
中楼层（6层）,31㎡,2室0厅1卫,交大东路7号院,南        ,海淀,整租·交大东路7号院2室0厅南,西直门,5700
高楼层（6层）,58㎡,2室1厅1卫,石园西区,南 北        ,顺义,整租·石园西区2室1厅南/北,顺义城,2500
中楼层（5层）,43㎡,1室1厅1卫,水利局一处宿舍,南        ,海淀,整租·水利局一处宿舍1室1厅南,安宁庄,4300
中楼层（24层）,74㎡,2室1厅1卫,八角南里,东 北        ,石景山,整租·八角南里2室1厅东/北,八角,4000
高楼层（6层）,87㎡,2室1厅1卫,迎喜家园,南 北        ,通州,整租·迎喜家园2室1厅南/北,临河里,3000
中楼层（3层）,58㎡,2室1厅1卫,香山煤厂街26号院,南 北        ,海淀,整租·香山煤厂街26号院2室1厅南/北,西山,4500
中楼层（6层）,93㎡,2室1厅1卫,新海北里,南 北        ,亦庄开发区,整租·新海北里2室1厅南/北,马驹桥,3500
中楼层（16层）,49㎡,1室0厅1卫,加州水郡金桥国际酒店,东        ,房山,整租·加州水郡金桥国际酒店1室0厅东,长阳,2200
低楼层（6层）,69㎡,1室1厅1卫,华兴园,南        ,通州,整租·华兴园1室1厅南,通州北苑,3200
中楼层（6层）,61㎡,2室1厅1卫,东方生活区,南        ,通州,整租·东方生活区2室1厅南,万达,3100
高楼层（6层）,52㎡,1室1厅1卫,玉桥北里,东 西        ,通州,整租·玉桥北里1室1厅东/西,乔庄,3000
中楼层（6层）,58㎡,2室1厅1卫,八场宿舍,南 北        ,石景山,整租·八场宿舍2室1厅南/北,鲁谷,4000
中楼层（6层）,80㎡,3室1厅1卫,温泉北里,东南        ,朝阳,整租·温泉北里3室1厅东南,双桥,4600
高楼层（6层）,43㎡,1室1厅1卫,金星小区,南        ,朝阳,整租·金星小区1室1厅南,定福庄,4000
中楼层（6层）,49㎡,2室1厅1卫,金顶街一区,南 北        ,石景山,整租·金顶街一区2室1厅南/北,苹果园,4300
低楼层（27层）,59㎡,1室1厅1卫,官悦欣园B区,南        ,朝阳,整租·官悦欣园B区1室1厅南,欢乐谷,5300
高楼层（6层）,60㎡,2室1厅1卫,三间房南里4号院,南 北        ,朝阳,整租·三间房南里4号院2室1厅南/北,定福庄,5000
低楼层（6层）,45㎡,1室1厅1卫,康家园,南 北        ,朝阳,整租·康家园1室1厅南/北,甘露园,5000
高楼层（6层）,53㎡,2室1厅1卫,大井南里,南 北        ,丰台,整租·大井南里2室1厅南/北,岳各庄,4400
高楼层（4层）,39㎡,1室1厅1卫,北蜂窝30号院,南        ,海淀,整租·北蜂窝30号院1室1厅南,军博,5500
高楼层（6层）,48㎡,2室1厅1卫,丰西北里,南 北        ,丰台,整租·丰西北里2室1厅南/北,五里店,2700
低楼层（12层）,55㎡,1室1厅1卫,西罗园三区,西南        ,丰台,整租·西罗园三区1室1厅西南,西罗园,4200
低楼层（15层）,70㎡,1室1厅1卫,裕瑞轩,西 北        ,朝阳,整租·裕瑞轩1室1厅西/北,奥林匹克公园,6000
低楼层（22层）,69㎡,2室1厅1卫,裕龙三区,南 北        ,顺义,整租·裕龙三区2室1厅南/北,顺义城,2000
中楼层（6层）,55㎡,1室1厅1卫,草桥欣园三区,南        ,丰台,整租·草桥欣园三区1室1厅南,草桥,4700
低楼层（6层）,56㎡,2室1厅1卫,毛纺住宅北小区,东 西        ,海淀,整租·毛纺住宅北小区2室1厅东/西,安宁庄,5000
低楼层（18层）,58㎡,1室1厅1卫,甜水园北里,东南        ,朝阳,整租·甜水园北里1室1厅东南,甜水园,5600
低楼层（6层）,38㎡,1室1厅1卫,张郭庄小区,南 北        ,丰台,整租·张郭庄小区1室1厅南/北,丰台其它,2300
高楼层（11层）,86㎡,2室2厅1卫,下坡屯家园一区,南 北        ,顺义,整租·下坡屯家园一区2室2厅南/北,顺义其它,3100
中楼层（6层）,56㎡,2室1厅1卫,建新南区,南 北        ,顺义,整租·建新南区2室1厅南/北,顺义城,2800
高楼层（6层）,38㎡,1室1厅1卫,车道沟南里,东 南 西        ,海淀,整租·车道沟南里1室1厅东/南/西,紫竹桥,4900
高楼层（6层）,87㎡,2室1厅1卫,西马庄园,南 北        ,通州,整租·西马庄园2室1厅南/北,通州北苑,3500
中楼层（18层）,60㎡,1室1厅1卫,三合北巷,南 北        ,大兴,整租·三合北巷1室1厅南/北,黄村中,3000
低楼层（14层）,53㎡,2室1厅1卫,科委宿舍,南        ,海淀,整租·科委宿舍2室1厅南,定慧寺,6000
高楼层（6层）,81㎡,2室1厅1卫,华龙小区,南 北        ,通州,整租·华龙小区2室1厅南/北,潞苑,3500
低楼层（6层）,130㎡,3室2厅2卫,上庄家园东区,南 北        ,海淀,整租·上庄家园东区3室2厅南/北,海淀北部新区,5500
中楼层（6层）,40㎡,1室1厅1卫,花园闸小区,南        ,朝阳,整租·花园闸小区1室1厅南,定福庄,4100
中楼层（18层）,54㎡,1室1厅1卫,知本时代,北        ,海淀,整租·知本时代1室1厅北,西三旗,5000
中楼层（6层）,64㎡,1室1厅1卫,石园南区,南 北        ,顺义,整租·石园南区1室1厅南/北,顺义城,2700
中楼层（7层）,70㎡,2室1厅1卫,福怡苑,东 西        ,朝阳,整租·福怡苑2室1厅东/西,定福庄,5300
高楼层（6层）,56㎡,2室1厅1卫,劳动局家属院,南 北        ,通州,整租·劳动局家属院2室1厅南/北,北关,3500
中楼层（6层）,59㎡,2室1厅1卫,丰西北里,南        ,丰台,整租·丰西北里2室1厅南,五里店,3500
高楼层（6层）,49㎡,1室1厅1卫,华信大厦宿舍,东南        ,石景山,整租·华信大厦宿舍1室1厅东南,杨庄,3600
中楼层（12层）,55㎡,1室1厅1卫,世纪东方城,北        ,朝阳,整租·世纪东方城1室1厅北,欢乐谷,5500
低楼层（18层）,62㎡,2室1厅1卫,潘家园东里,东南        ,朝阳,整租·潘家园东里2室1厅东南,潘家园,6000
低楼层（28层）,19㎡,1房间1卫,北街家园五区,南        ,昌平,整租·北街家园五区1房间南,沙河,1200
中楼层（24层）,92㎡,2室1厅1卫,新康园,北        ,海淀,整租·新康园2室1厅北,西三旗,6000
低楼层（16层）,49㎡,1室1厅1卫,华严北里小区,南        ,朝阳,整租·华严北里小区1室1厅南,健翔桥,5600
低楼层（6层）,51㎡,1室0厅1卫,美然动力A3区,南        ,朝阳,整租·美然动力A3区1室0厅南,定福庄,5300
高楼层（5层）,53㎡,2室1厅1卫,双柳巷,东 西        ,朝阳,整租·双柳巷2室1厅东/西,双桥,4900
中楼层（12层）,66㎡,2室1厅1卫,城市亮点,西 北        ,东城,整租·城市亮点2室1厅西/北,永定门,5700
低楼层（6层）,55㎡,2室1厅1卫,夏霖园,南 北        ,海淀,整租·夏霖园2室1厅南/北,西北旺,6000
高楼层（6层）,68㎡,2室1厅1卫,康家园,南 北        ,朝阳,整租·康家园2室1厅南/北,甘露园,6000
低楼层（14层）,42㎡,1室0厅1卫,点击未来,西南        ,朝阳,整租·点击未来1室0厅西南,望京,5800
低楼层（6层）,43㎡,1室1厅1卫,裕中东里,南        ,西城,整租·裕中东里1室1厅南,马甸,5500
高楼层（6层）,65㎡,2室1厅1卫,南平里,南 北        ,朝阳,整租·南平里2室1厅南/北,首都机场,3500
低楼层（6层）,58㎡,2室1厅1卫,八里庄北里小区,南 北        ,朝阳,整租·八里庄北里小区2室1厅南/北,石佛营,5900
中楼层（5层）,45㎡,1室1厅1卫,高井,南 北        ,石景山,整租·高井1室1厅南/北,石景山其它,2800
高楼层（28层）,45㎡,1室0厅1卫,黑山A1区,南        ,门头沟,整租·黑山A1区1室0厅南,大峪,2100
低楼层（6层）,58㎡,2室1厅1卫,葛布店北里,南 北        ,通州,整租·葛布店北里2室1厅南/北,果园,3400
中楼层（12层）,58㎡,1室0厅1卫,月亮城堡,南        ,通州,整租·月亮城堡1室0厅南,武夷花园,3500
高楼层（15层）,43㎡,1房间1卫,SOCO公社,北        ,海淀,整租·SOCO公社1房间北,西三旗,4100
高楼层（6层）,41㎡,1室1厅1卫,营房西街,南        ,东城,整租·营房西街1室1厅南,崇文门,4900
低楼层（11层）,87㎡,2室1厅1卫,翠竹新村,南 西        ,顺义,整租·翠竹新村2室1厅南/西,中央别墅区,3000
高楼层（25层）,54㎡,1室1厅1卫,沿海赛洛城五期,东        ,朝阳,整租·沿海赛洛城五期1室1厅东,百子湾,5700
中楼层（6层）,59㎡,2室1厅1卫,南苑北里一区,南 北        ,丰台,整租·南苑北里一区2室1厅南/北,和义,3600
低楼层（21层）,79㎡,2室1厅1卫,东亚瑞晶苑,南 北        ,通州,整租·东亚瑞晶苑2室1厅南/北,马驹桥,3600
中楼层（14层）,54㎡,1室1厅1卫,南湖东园二区,西        ,朝阳,整租·南湖东园二区1室1厅西,望京,6000
高楼层（24层）,76㎡,1室1厅1卫,橙色年代,东 南        ,海淀,整租·橙色年代1室1厅东/南,六里桥,6000
中楼层（6层）,96㎡,2室1厅1卫,观音景园二期,南 北        ,朝阳,整租·观音景园二期2室1厅南/北,百子湾,5200
高楼层（6层）,42㎡,1室1厅1卫,武圣西里,南        ,朝阳,整租·武圣西里1室1厅南,劲松,5300
高楼层（6层）,56㎡,2室1厅1卫,南五里店45号院,南 北        ,丰台,整租·南五里店45号院2室1厅南/北,五里店,3600
中楼层（6层）,57㎡,2室1厅1卫,万源东里,南 北        ,丰台,整租·万源东里2室1厅南/北,旧宫,3700
高楼层（7层）,44㎡,3室1厅1卫,亮甲店小区,南        ,海淀,整租·亮甲店小区3室1厅南,定慧寺,5000
低楼层（1层）,30㎡,1室0厅1卫,禄米仓胡同,南 西        ,东城,整租·禄米仓胡同1室0厅南/西,朝阳门内,4300
中楼层（6层）,93㎡,2室2厅2卫,上潞园,南 北        ,通州,整租·上潞园2室2厅南/北,潞苑,3300
中楼层（6层）,79㎡,2室1厅1卫,车站西街9号院,南 北        ,西城,整租·车站西街9号院2室1厅南/北,广安门,5800
中楼层（6层）,60㎡,2室1厅1卫,广宁村,南 北        ,石景山,整租·广宁村2室1厅南/北,苹果园,3000
高楼层（5层）,54㎡,2室1厅1卫,冷冻机械厂宿舍,南 北        ,通州,整租·冷冻机械厂宿舍2室1厅南/北,九棵树(家乐福),3200
高楼层（6层）,67㎡,2室1厅1卫,和义东里一区,南 北        ,丰台,整租·和义东里一区2室1厅南/北,和义,3900
中楼层（18层）,47㎡,1室1厅1卫,富力又一城C区,南        ,朝阳,整租·富力又一城C区1室1厅南,豆各庄,4200
低楼层（22层）,60㎡,1室1厅1卫,紫金庄园,西北        ,海淀,整租·紫金庄园1室1厅西北,苏州桥,6000
中楼层（6层）,56㎡,2室1厅1卫,黄村西里,南        ,大兴,整租·黄村西里2室1厅南,黄村中,3300
低楼层（15层）,74㎡,2室1厅1卫,首开国风美仑,南 北        ,通州,整租·首开国风美仑2室1厅南/北,通州其它,3300
高楼层（6层）,52㎡,1室1厅1卫,长青园,东        ,东城,整租·长青园1室1厅东,左安门,4800
地下室（6层）,66㎡,2室1厅1卫,农光里,南 北        ,朝阳,整租·农光里2室1厅南/北,劲松,5800
低楼层（6层）,71㎡,1室1厅1卫,兴政西里,东南        ,大兴,整租·兴政西里1室1厅东南,黄村中,3000
低楼层（28层）,60㎡,2室1厅1卫,北京新天地一期,北        ,朝阳,整租·北京新天地一期2室1厅北,常营,5500
高楼层（6层）,64㎡,2室1厅1卫,城建宿舍,南 北        ,丰台,整租·城建宿舍2室1厅南/北,青塔,4500
地下室（6层）,38㎡,1室1厅1卫,和平里三区,西南        ,东城,整租·和平里三区1室1厅西南,和平里,5600
高楼层（6层）,63㎡,2室1厅1卫,新悦家园,南 北        ,昌平,整租·新悦家园2室1厅南/北,鼓楼大街,3100
高楼层（6层）,60㎡,2室1厅1卫,石园东区,南 北        ,顺义,整租·石园东区2室1厅南/北,顺义城,3200
中楼层（6层）,86㎡,2室1厅1卫,朝阳新城三区,东 西 北        ,朝阳,整租·朝阳新城三区2室1厅东/西/北,东坝,4700
中楼层（6层）,41㎡,1室1厅1卫,四合巷小区,南        ,房山,整租·四合巷小区1室1厅南,良乡,1900
高楼层（6层）,43㎡,2室0厅1卫,西木小区,南        ,海淀,整租·西木小区2室0厅南,田村,5200
低楼层（18层）,69㎡,2室1厅1卫,北街家园六区,南 北        ,昌平,整租·北街家园六区2室1厅南/北,沙河,3800
中楼层（6层）,42㎡,1室1厅1卫,农光东里,南        ,朝阳,整租·农光东里1室1厅南,劲松,5200
高楼层（6层）,42㎡,1室1厅1卫,建新南区,南        ,顺义,整租·建新南区1室1厅南,顺义城,2700
高楼层（6层）,61㎡,2室1厅1卫,林校北里,南 北        ,大兴,整租·林校北里2室1厅南/北,黄村火车站,2900
低楼层（18层）,50㎡,1室0厅1卫,后现代城B区,北        ,朝阳,整租·后现代城B区1室0厅北,大望路,6000
高楼层（6层）,50㎡,2室1厅1卫,八里庄东里,西        ,朝阳,整租·八里庄东里2室1厅西,四惠,5000
中楼层（21层）,60㎡,2室1厅1卫,百荣嘉园,南        ,东城,整租·百荣嘉园2室1厅南,永定门,5400
高楼层（6层）,45㎡,1室1厅1卫,苹果园小区一区,南 北        ,石景山,整租·苹果园小区一区1室1厅南/北,苹果园,3800
中楼层（6层）,62㎡,2室1厅1卫,大红门35号院,南 北        ,丰台,整租·大红门35号院2室1厅南/北,角门,4600
高楼层（10层）,55㎡,1室1厅1卫,芳怡园,东 西        ,海淀,整租·芳怡园1室1厅东/西,西北旺,4900
低楼层（6层）,42㎡,1室1厅1卫,松榆东里,南        ,朝阳,整租·松榆东里1室1厅南,北工大,5200
高楼层（6层）,64㎡,1室1厅1卫,泰河园三里,南        ,亦庄开发区,整租·泰河园三里1室1厅南,亦庄开发区其它,3300
低楼层（6层）,61㎡,1室1厅1卫,华龙小区,南 北        ,通州,整租·华龙小区1室1厅南/北,潞苑,2700
低楼层（16层）,48㎡,1室1厅1卫,高家园二区,南        ,朝阳,整租·高家园二区1室1厅南,酒仙桥,5300
高楼层（6层）,62㎡,2室1厅1卫,金沟河5号院,南 北        ,海淀,整租·金沟河5号院2室1厅南/北,五棵松,6000
高楼层（16层）,61㎡,2室1厅1卫,南庭新苑北区,南        ,丰台,整租·南庭新苑北区2室1厅南,新宫,4600
高楼层（6层）,37㎡,1室1厅1卫,人民日报社家属区,南        ,朝阳,整租·人民日报社家属区1室1厅南,红庙,5900
低楼层（14层）,80㎡,2室1厅1卫,首座御园一区二期,西        ,大兴,整租·首座御园一区二期2室1厅西,大兴其它,3000
低楼层（6层）,48㎡,1室1厅1卫,和义东里一区,南        ,丰台,整租·和义东里一区1室1厅南,和义,3700
低楼层（6层）,40㎡,1室1厅1卫,花园北路,北        ,海淀,整租·花园北路1室1厅北,牡丹园,5700
高楼层（16层）,61㎡,2室1厅1卫,莲花池东路,南 西        ,西城,整租·莲花池东路2室1厅南/西,木樨地,5500
中楼层（6层）,88㎡,2室1厅1卫,联港嘉园D区,南 北        ,大兴,整租·联港嘉园D区2室1厅南/北,大兴其它,2500
低楼层（3层）,40㎡,2室1厅1卫,双桥五号井,南 北        ,朝阳,整租·双桥五号井2室1厅南/北,双桥,3100
高楼层（5层）,38㎡,1室1厅1卫,新中西里,南        ,东城,整租·新中西里1室1厅南,东直门,6200
高楼层（4层）,34㎡,2房间1卫,亿城天筑,东        ,丰台,整租·亿城天筑2房间复式东,科技园区,3400
中楼层（6层）,60㎡,2室1厅1卫,松榆西里,南 北        ,朝阳,整租·松榆西里2室1厅南/北,潘家园,5800
高楼层（5层）,53㎡,2室1厅1卫,大峪南路,南 北        ,门头沟,整租·大峪南路2室1厅南/北,大峪,2500
中楼层（21层）,49㎡,1室0厅1卫,柏林爱乐二期,北        ,朝阳,整租·柏林爱乐二期1室0厅北,常营,4800
高楼层（6层）,40㎡,1室1厅1卫,万源东里,南        ,丰台,整租·万源东里1室1厅南,旧宫,2900
高楼层（6层）,76㎡,2室1厅1卫,双桥中路10号南院,南 北        ,朝阳,整租·双桥中路10号南院2室1厅南/北,双桥,4400
高楼层（6层）,84㎡,2室1厅1卫,隆盛园,南 北        ,大兴,整租·隆盛园2室1厅南/北,天宫院南,2000
高楼层（27层）,65㎡,1室0厅1卫,强佑清河新城,东南        ,海淀,整租·强佑清河新城1室0厅东南,清河,6000
高楼层（4层）,55㎡,2室1厅1卫,富强西里,西南        ,大兴,整租·富强西里2室1厅西南,黄村中,3100
中楼层（6层）,55㎡,2室1厅1卫,永泰庄甲6号院,南 北        ,海淀,整租·永泰庄甲6号院2室1厅南/北,清河,5500
低楼层（6层）,57㎡,2室1厅1卫,南菜园街1号院,南 北        ,西城,整租·南菜园街1号院2室1厅南/北,白纸坊,5600
中楼层（16层）,38㎡,1室1厅1卫,安贞西里,北        ,朝阳,整租·安贞西里1室1厅北,安贞,6000
低楼层（7层）,44㎡,1室1厅1卫,呼家楼西里,东南        ,朝阳,整租·呼家楼西里1室1厅东南,红庙,5200
中楼层（7层）,29㎡,1室0厅1卫,兴隆都市馨园,西        ,东城,整租·兴隆都市馨园1室0厅西,崇文门,5100
高楼层（6层）,58㎡,2室1厅1卫,和义东里一区,南 北        ,丰台,整租·和义东里一区2室1厅南/北,和义,3800
高楼层（6层）,55㎡,2室1厅1卫,滨河西里,西        ,大兴,整租·滨河西里2室1厅西,枣园,3100
中楼层（6层）,81㎡,2室1厅1卫,西潞昊宏家园,东 西        ,房山,整租·西潞昊宏家园2室1厅东/西,良乡,2600
高楼层（2层）,36㎡,1室1厅1卫,南宫嘉园,南        ,石景山,整租·南宫嘉园1室1厅南,石景山其它,2800
中楼层（6层）,85㎡,2室1厅1卫,君堂好园,南 北        ,朝阳,整租·君堂好园2室1厅南/北,十八里店,4500
中楼层（15层）,72㎡,1室1厅1卫,北京新天地二期,南        ,朝阳,整租·北京新天地二期1室1厅南,常营,5800
高楼层（6层）,60㎡,2室1厅1卫,邮局宿舍,南 北        ,丰台,整租·邮局宿舍2室1厅南/北,北大地,3800
中楼层（6层）,52㎡,1室1厅1卫,华龙小区,南 北        ,通州,整租·华龙小区1室1厅南/北,潞苑,2900
中楼层（22层）,82㎡,1室1厅1卫,柏林爱乐二期,西北        ,朝阳,整租·柏林爱乐二期1室1厅西北,常营,5800
高楼层（26层）,43㎡,1室0厅1卫,远见名苑,北        ,西城,整租·远见名苑1室0厅北,广安门,5200
高楼层（28层）,55㎡,1室0厅1卫,华贸城,南        ,朝阳,整租·华贸城1室0厅南,北苑,5600
高楼层（6层）,62㎡,2室1厅1卫,模式口西里,南 北        ,石景山,整租·模式口西里2室1厅南/北,苹果园,4200
中楼层（13层）,39㎡,1室0厅1卫,文慧园一号公寓,西        ,海淀,整租·文慧园一号公寓1室0厅西,新街口,5600
中楼层（10层）,40㎡,1室0厅1卫,芳怡园,东 西        ,海淀,整租·芳怡园1室0厅东/西,西北旺,5000
中楼层（17层）,53㎡,1室0厅1卫,华贸城,东        ,朝阳,整租·华贸城1室0厅东,北苑,5700
高楼层（17层）,89㎡,2室1厅1卫,北街家园八区,南 北        ,昌平,整租·北街家园八区2室1厅南/北,沙河,3800
高楼层（18层）,43㎡,1室1厅1卫,华威西里,南        ,朝阳,整租·华威西里1室1厅南,潘家园,5100
中楼层（6层）,47㎡,1室1厅1卫,建欣苑四里,东 西        ,丰台,整租·建欣苑四里1室1厅东/西,大红门,4600
中楼层（17层）,78㎡,1室1厅1卫,宁馨苑,南        ,昌平,整租·宁馨苑1室1厅南,东关,4000
高楼层（6层）,63㎡,2室1厅1卫,潞苑南大街88号院,南 北        ,通州,整租·潞苑南大街88号院2室1厅南/北,潞苑,2700
低楼层（7层）,65㎡,2室1厅1卫,建清园,南 北        ,海淀,整租·建清园2室1厅南/北,学院路,6000
高楼层（6层）,47㎡,1室1厅1卫,慧忠里,东 西        ,朝阳,整租·慧忠里1室1厅东/西,亚运村,5900
中楼层（18层）,80㎡,2室1厅1卫,安宁里南区,南 西        ,海淀,整租·安宁里南区2室1厅南/西,安宁庄,5500
中楼层（6层）,46㎡,1室1厅1卫,三丰里小区,东 西        ,朝阳,整租·三丰里小区1室1厅东/西,朝阳门外,6000
中楼层（6层）,41㎡,1室1厅1卫,清源西里,南        ,大兴,整租·清源西里1室1厅南,枣园,3500
高楼层（28层）,80㎡,2室1厅1卫,燕保祈东家园,南        ,朝阳,整租·燕保祈东家园2室1厅南,垡头,5400
低楼层（18层）,44㎡,1室0厅1卫,炫特嘉园一期,南        ,朝阳,整租·炫特嘉园一期1室0厅南,石佛营,5200
中楼层（4层）,37㎡,1室1厅1卫,工商大学,北        ,海淀,整租·工商大学1室1厅北,甘家口,5200
中楼层（10层）,61㎡,1室1厅1卫,景泰西里西区,南        ,东城,整租·景泰西里西区1室1厅南,永定门,5800
中楼层（28层）,75㎡,2室1厅1卫,康泉小区,东北        ,朝阳,整租·康泉小区2室1厅东北,双桥,5400
中楼层（28层）,50㎡,1室1厅1卫,四合欣园,西北        ,丰台,整租·四合欣园1室1厅西北,科技园区,4300
高楼层（16层）,38㎡,1室0厅1卫,天天朝阳,东        ,朝阳,整租·天天朝阳1室0厅东,甘露园,4700
中楼层（23层）,46㎡,1室0厅1卫,北辰福第六号院,南        ,朝阳,整租·北辰福第六号院1室0厅南,常营,5000
中楼层（6层）,42㎡,1室1厅1卫,皂君东里,南        ,海淀,整租·皂君东里1室1厅南,皂君庙,5800
高楼层（16层）,38㎡,1室0厅1卫,天天朝阳,西        ,朝阳,整租·天天朝阳1室0厅西,甘露园,4800
高楼层（24层）,50㎡,1室1厅1卫,南新园,南        ,朝阳,整租·南新园1室1厅南,华威桥,4800
高楼层（6层）,75㎡,2室1厅1卫,久敬佳园一区,南 北 东北        ,丰台,整租·久敬佳园一区2室1厅南/北/东北,和义,4150
中楼层（6层）,50㎡,2室1厅1卫,安宁庄后街15号院,西 北        ,海淀,整租·安宁庄后街15号院2室1厅西/北,安宁庄,5000
高楼层（6层）,56㎡,1室1厅1卫,大城小镇,南 北        ,大兴,整租·大城小镇1室1厅南/北,旧宫,3500
高楼层（6层）,46㎡,1室1厅1卫,南纬路2号院,南 北        ,西城,整租·南纬路2号院1室1厅南/北,陶然亭,5700
高楼层（6层）,41㎡,1室1厅1卫,小黄庄一区,东 西        ,东城,整租·小黄庄一区1室1厅东/西,安贞,5500
高楼层（6层）,94㎡,2室2厅1卫,云景西里南区,南 北        ,通州,整租·云景西里南区2室2厅南/北,梨园,3600
中楼层（19层）,60㎡,1室1厅1卫,华发颐园,东        ,朝阳,整租·华发颐园1室1厅东,北苑,6000
低楼层（6层）,52㎡,1室1厅1卫,馨港庄园二区,东 北        ,顺义,整租·馨港庄园二区1室1厅东/北,李桥,2800
中楼层（26层）,38㎡,1室0厅1卫,荣丰2008,南        ,西城,整租·荣丰20081室0厅南,广安门,4600
中楼层（25层）,46㎡,1室1厅1卫,似海怡家,东北        ,西城,整租·似海怡家1室1厅东北,牛街,5900
低楼层（6层）,39㎡,1室1厅1卫,磨房北里,南        ,朝阳,整租·磨房北里1室1厅南,北工大,4500
中楼层（16层）,77㎡,1室1厅1卫,八里庄北里,南 西        ,海淀,整租·八里庄北里1室1厅南/西,定慧寺,5600
低楼层（6层）,60㎡,2室1厅1卫,南平里,南 北        ,朝阳,整租·南平里2室1厅南/北,首都机场,3800
中楼层（7层）,62㎡,2室1厅1卫,银地家园,南 北        ,丰台,整租·银地家园2室1厅南/北,花乡,4500
低楼层（11层）,43㎡,1室0厅1卫,巴克摩界,北        ,通州,整租·巴克摩界1室0厅北,果园,3500
中楼层（6层）,42㎡,1室1厅1卫,四合巷小区,南        ,房山,整租·四合巷小区1室1厅南,良乡,2000
中楼层（6层）,56㎡,1室1厅1卫,秋露园,南        ,海淀,整租·秋露园1室1厅南,西北旺,5800
高楼层（6层）,57㎡,1室1厅1卫,北坞嘉园西里,南 北        ,海淀,整租·北坞嘉园西里1室1厅南/北,颐和园,5400
低楼层（6层）,43㎡,1室1厅1卫,杨庄路73号院,南        ,通州,整租·杨庄路73号院1室1厅南,通州北苑,3000
低楼层（6层）,41㎡,1室1厅1卫,安宁里,南 北        ,海淀,整租·安宁里1室1厅南/北,安宁庄,4700
高楼层（6层）,65㎡,2室1厅1卫,管庄西里,南        ,朝阳,整租·管庄西里2室1厅南,管庄,5200
高楼层（18层）,80㎡,2室1厅1卫,管庄新村,西南        ,朝阳,整租·管庄新村2室1厅西南,双桥,5000
高楼层（21层）,48㎡,1室1厅1卫,御景春天,东        ,丰台,整租·御景春天1室1厅东,科技园区,4200
低楼层（7层）,62㎡,1室1厅1卫,门头馨园,南 北        ,海淀,整租·门头馨园1室1厅南/北,西山,5000
低楼层（21层）,79㎡,2室1厅1卫,新城乐居,南 北        ,通州,整租·新城乐居2室1厅南/北,临河里,3500
中楼层（6层）,61㎡,1室1厅1卫,永泰园,南        ,海淀,整租·永泰园1室1厅南,清河,5100
低楼层（14层）,50㎡,1室2厅1卫,小关东里,东 西        ,朝阳,整租·小关东里1室2厅东/西,惠新西街,5500
低楼层（16层）,42㎡,1室1厅1卫,定慧东里,西南        ,海淀,整租·定慧东里1室1厅西南,定慧寺,5000
高楼层（6层）,58㎡,2室1厅1卫,建新胡同10号楼,南        ,昌平,整租·建新胡同10号楼2室1厅南,鼓楼大街,3300
高楼层（12层）,55㎡,1室1厅1卫,西罗园三区,东南        ,丰台,整租·西罗园三区1室1厅东南,西罗园,4300
高楼层（5层）,48㎡,2室1厅1卫,天宁寺东里,南 北        ,西城,整租·天宁寺东里2室1厅南/北,天宁寺,4500
中楼层（6层）,47㎡,2室1厅1卫,建国街一里,南 北        ,丰台,整租·建国街一里2室1厅南/北,看丹桥,4100
低楼层（6层）,127㎡,3室2厅2卫,绿城百合公寓桂雨苑,南 北        ,房山,整租·绿城百合公寓桂雨苑3室2厅南/北,阎村,2500
中楼层（16层）,39㎡,1室1厅1卫,东直门外大街(朝阳）,北        ,朝阳,整租·东直门外大街(朝阳）1室1厅北,工体,5300
高楼层（4层）,50㎡,1室1厅1卫,和平街十区,南        ,朝阳,整租·和平街十区1室1厅南,和平里,5900
低楼层（6层）,49㎡,2室1厅1卫,幸福二村,南        ,朝阳,整租·幸福二村2室1厅南,工体,6000
高楼层（6层）,58㎡,2室1厅1卫,东四块玉南街30号院,南 北        ,东城,整租·东四块玉南街30号院2室1厅南/北,左安门,5300
中楼层（6层）,58㎡,2室1厅1卫,翠微北里,南 北        ,海淀,整租·翠微北里2室1厅南/北,公主坟,5800
中楼层（6层）,53㎡,1室1厅1卫,新安里,南        ,大兴,整租·新安里1室1厅南,黄村中,2900
高楼层（24层）,58㎡,1室0厅1卫,远见名苑,西        ,西城,整租·远见名苑1室0厅西,广安门,5600
高楼层（5层）,61㎡,2室1厅1卫,水利局一处宿舍,南 北        ,海淀,整租·水利局一处宿舍2室1厅南/北,安宁庄,5000
低楼层（18层）,56㎡,1室1厅1卫,朝丰家园,南        ,朝阳,整租·朝丰家园1室1厅南,豆各庄,3500
高楼层（6层）,57㎡,1室1厅1卫,胜利小区,南 北        ,顺义,整租·胜利小区1室1厅南/北,顺义城,3000
中楼层（5层）,42㎡,2室1厅1卫,古城南路,南        ,石景山,整租·古城南路2室1厅南,古城,4300
低楼层（18层）,29㎡,1室0厅1卫,北街家园六区,西        ,昌平,整租·北街家园六区1室0厅西,沙河,2100
中楼层（6层）,59㎡,2室1厅1卫,松榆西里,东 西        ,朝阳,整租·松榆西里2室1厅东/西,潘家园,6000
中楼层（25层）,56㎡,1室1厅1卫,今典花园,西        ,海淀,整租·今典花园1室1厅西,小西天,6000
地下室（5层）,95㎡,2室1厅1卫,京泉馨苑,南 北        ,海淀,整租·京泉馨苑2室1厅南/北,西山,4800
高楼层（6层）,95㎡,2室1厅1卫,花雨汀,南 北        ,昌平,整租·花雨汀2室1厅南/北,南邵,3500
高楼层（6层）,68㎡,2室1厅1卫,管村26号院,南 北        ,东城,整租·管村26号院2室1厅南/北,永定门,5500
高楼层（6层）,64㎡,2室1厅1卫,北城根小区,东        ,昌平,整租·北城根小区2室1厅东,鼓楼大街,2800
中楼层（18层）,52㎡,3房间1卫,SOCO公社,南        ,海淀,整租·SOCO公社3房间南,西三旗,5200
高楼层（6层）,40㎡,1室1厅1卫,建设研究院,南        ,海淀,整租·建设研究院1室1厅南,五棵松,5200
中楼层（8层）,45㎡,1室1厅1卫,模式口西里,南 北        ,石景山,整租·模式口西里1室1厅南/北,苹果园,3500
中楼层（5层）,52㎡,3室1厅1卫,伟业嘉园西里,南        ,房山,整租·伟业嘉园西里3室1厅南,良乡,2500
高楼层（6层）,61㎡,2室1厅1卫,仓上小区,南 北        ,顺义,整租·仓上小区2室1厅南/北,顺义城,2300
高楼层（22层）,90㎡,2室1厅1卫,大方居,东        ,通州,整租·大方居2室1厅东,九棵树(家乐福),3500
中楼层（23层）,34㎡,1室0厅1卫,逸秀名园,北        ,通州,整租·逸秀名园1室0厅北,万达,3200
低楼层（6层）,43㎡,1室1厅1卫,永顺南街232号院,南        ,通州,整租·永顺南街232号院1室1厅南,万达,2600
高楼层（6层）,71㎡,2室1厅1卫,晓月苑二里,南 北        ,丰台,整租·晓月苑二里2室1厅南/北,卢沟桥,3500
中楼层（29层）,72㎡,1室1厅1卫,青荷里南山园,南 北        ,朝阳,整租·青荷里南山园1室1厅南/北,豆各庄,3200
高楼层（6层）,50㎡,1室1厅1卫,柳岸景园,南        ,通州,整租·柳岸景园1室1厅南,乔庄,2900
高楼层（6层）,50㎡,2室1厅1卫,永定门东街东里,南 北        ,东城,整租·永定门东街东里2室1厅南/北,天坛,5500
低楼层（6层）,45㎡,2室1厅1卫,马南里,东 北        ,朝阳,整租·马南里2室1厅东/北,中央别墅区,5100
中楼层（6层）,40㎡,1室1厅1卫,安华西里社区,南        ,朝阳,整租·安华西里社区1室1厅南,安贞,5600
中楼层（6层）,58㎡,2室1厅1卫,万源东里,南        ,丰台,整租·万源东里2室1厅南,旧宫,4000
高楼层（6层）,89㎡,2室2厅1卫,佳和宜园,南 北        ,顺义,整租·佳和宜园2室2厅南/北,马坡,2500
中楼层（6层）,60㎡,2室1厅1卫,西辛南区,南 北        ,顺义,整租·西辛南区2室1厅南/北,顺义城,3200
低楼层（7层）,72㎡,2室1厅1卫,银地家园,南 北        ,丰台,整租·银地家园2室1厅南/北,花乡,4500
低楼层（18层）,35㎡,1室0厅1卫,东晶国际,南 北        ,亦庄开发区,整租·东晶国际1室0厅南/北,亦庄,3300
低楼层（28层）,60㎡,1室1厅1卫,通惠家园,西        ,朝阳,整租·通惠家园1室1厅西,四惠,6000
高楼层（7层）,154㎡,2室2厅2卫,北亚花园,南 北        ,昌平,整租·北亚花园2室2厅跃层南/北,北七家,4000
低楼层（21层）,47㎡,1室1厅1卫,光熙门北里,南        ,朝阳,整租·光熙门北里1室1厅南,西坝河,4800
低楼层（18层）,47㎡,1室1厅1卫,红庙北里,南        ,朝阳,整租·红庙北里1室1厅南,红庙,6000
中楼层（11层）,42㎡,1室0厅1卫,巴克摩界,北        ,通州,整租·巴克摩界1室0厅北,果园,3500
中楼层（6层）,58㎡,1室1厅1卫,轮胎厂宿舍,南 北        ,海淀,整租·轮胎厂宿舍1室1厅南/北,西三旗,4500
低楼层（6层）,45㎡,1室1厅1卫,石泉砖厂A4区,南        ,门头沟,整租·石泉砖厂A4区1室1厅南,门头沟其它,2200
中楼层（6层）,80㎡,3室1厅1卫,管庄西里,南 北        ,朝阳,整租·管庄西里3室1厅南/北,管庄,5200
中楼层（6层）,42㎡,1室0厅1卫,水仙园,北        ,通州,整租·水仙园1室0厅北,武夷花园,3200
高楼层（6层）,41㎡,1室1厅1卫,三丰里小区,东 西        ,朝阳,整租·三丰里小区1室1厅东/西,朝阳门外,6100
中楼层（15层）,68㎡,2室1厅1卫,南沙滩小区,南 北        ,朝阳,整租·南沙滩小区2室1厅南/北,南沙滩,6100
低楼层（34层）,60㎡,1室1厅1卫,广安﹒康馨家园,南        ,丰台,整租·广安﹒康馨家园1室1厅南,青塔,4300
中楼层（18层）,44㎡,1室1厅1卫,柳芳北里,南        ,朝阳,整租·柳芳北里1室1厅南,国展,5700
高楼层（6层）,75㎡,2室1厅1卫,滨河西里,南 北        ,大兴,整租·滨河西里2室1厅南/北,枣园,3300
高楼层（6层）,83㎡,2室1厅1卫,润杰经典创新园,南 北        ,昌平,整租·润杰经典创新园2室1厅南/北,鼓楼大街,3500
低楼层（1层）,35㎡,1室1厅1卫,秦老胡同,南 北        ,东城,整租·秦老胡同1室1厅南/北,地安门,4800
低楼层（9层）,34㎡,1房间1卫,东亚首航国际,南        ,顺义,整租·东亚首航国际1房间南,顺义其它,2500
低楼层（7层）,54㎡,3房间1卫,北京城建北京密码,东        ,大兴,整租·北京城建北京密码3房间东,大兴其它,2000
中楼层（8层）,91㎡,2室1厅1卫,保利西山林语,南 北        ,海淀,整租·保利西山林语2室1厅南/北,海淀北部新区,5400
中楼层（6层）,99㎡,2室1厅1卫,银海星月,南 北        ,丰台,整租·银海星月2室1厅南/北,卢沟桥,4600
高楼层（6层）,53㎡,1室1厅1卫,十里堡南区,南        ,朝阳,整租·十里堡南区1室1厅南,石佛营,5300
高楼层（6层）,42㎡,1室1厅1卫,翠微路22号院,南        ,海淀,整租·翠微路22号院1室1厅南,公主坟,5200
高楼层（5层）,53㎡,2室1厅1卫,苗圃东里,南 北        ,丰台,整租·苗圃东里2室1厅南/北,赵公口,4200
高楼层（5层）,118㎡,2室1厅2卫,一世情园,南 北        ,亦庄开发区,整租·一世情园2室1厅南/北,马驹桥,4000
中楼层（23层）,61㎡,1室1厅1卫,路劲世界城一期,东        ,昌平,整租·路劲世界城一期1室1厅东,南邵,3800
中楼层（28层）,24㎡,1室1厅1卫,世纪金色嘉园,南        ,丰台,整租·世纪金色嘉园1室1厅南,北京南站,4200
高楼层（7层）,76㎡,2室1厅1卫,安宁里南区,南        ,海淀,整租·安宁里南区2室1厅南,安宁庄,5700
中楼层（7层）,100㎡,2室1厅2卫,樱花园一区,南 北        ,顺义,整租·樱花园一区2室1厅南/北,李桥,3100
高楼层（6层）,61㎡,2室1厅1卫,兴政东里,南 北        ,大兴,整租·兴政东里2室1厅南/北,黄村中,3200
高楼层（5层）,60㎡,2室1厅1卫,北新家园,南        ,海淀,整租·北新家园2室1厅南,西三旗,5500
中楼层（5层）,48㎡,2室1厅1卫,新外大街甲28号,东 西        ,西城,整租·新外大街甲28号2室1厅东/西,德胜门,5900
低楼层（22层）,51㎡,1室1厅1卫,左家庄东里,东南 南        ,朝阳,整租·左家庄东里1室1厅东南/南,国展,4500
低楼层（18层）,40㎡,1室1厅1卫,西罗园南里,东南        ,丰台,整租·西罗园南里1室1厅东南,西罗园,4000
中楼层（17层）,66㎡,1室1厅1卫,绿城百合公寓玉泉苑,南        ,房山,整租·绿城百合公寓玉泉苑1室1厅南,阎村,2500
中楼层（22层）,86㎡,2室1厅1卫,晓月苑五里,南        ,丰台,整租·晓月苑五里2室1厅南,卢沟桥,3500
中楼层（6层）,51㎡,2室1厅1卫,北京机械学院家属楼,南        ,海淀,整租·北京机械学院家属楼2室1厅南,清河,5500
高楼层（6层）,88㎡,2室1厅1卫,久敬佳园三区,南 北        ,丰台,整租·久敬佳园三区2室1厅南/北,和义,4600
低楼层（6层）,97㎡,2室1厅1卫,港馨家园东区,南 北        ,顺义,整租·港馨家园东区2室1厅南/北,顺义城,2700
中楼层（6层）,54㎡,1室1厅1卫,华龙小区,南        ,通州,整租·华龙小区1室1厅南,潞苑,3200
高楼层（6层）,60㎡,2室1厅1卫,幸福东区,南 北        ,顺义,整租·幸福东区2室1厅南/北,顺义城,3300
高楼层（18层）,50㎡,1室1厅1卫,南海家园一里,西北        ,大兴,整租·南海家园一里1室1厅西北,大兴其它,3000
中楼层（18层）,51㎡,1室0厅1卫,后现代城B区,北        ,朝阳,整租·后现代城B区1室0厅北,大望路,6100
中楼层（18层）,54㎡,1室1厅1卫,知本时代,北        ,海淀,整租·知本时代1室1厅北,西三旗,5000
中楼层（6层）,41㎡,1室1厅1卫,太平路40号院,南 北        ,海淀,整租·太平路40号院1室1厅南/北,五棵松,4900
高楼层（11层）,56㎡,1室1厅1卫,景泰西里西区,北        ,东城,整租·景泰西里西区1室1厅北,永定门,5600
中楼层（6层）,46㎡,1室1厅1卫,永泰东里,南        ,海淀,整租·永泰东里1室1厅南,清河,4600
中楼层（6层）,41㎡,1室1厅1卫,十里堡北里,南        ,朝阳,整租·十里堡北里1室1厅南,十里堡,5500
中楼层（15层）,55㎡,1室0厅1卫,高巢,东 北        ,海淀,整租·高巢1室0厅东/北,清河,5000
高楼层（5层）,50㎡,2室1厅1卫,毛纺厂南小区,南        ,海淀,整租·毛纺厂南小区2室1厅南,清河,5000
中楼层（23层）,88㎡,2室2厅1卫,富力又一城C区,南        ,朝阳,整租·富力又一城C区2室2厅南,豆各庄,6000
高楼层（11层）,57㎡,1室1厅1卫,柏林爱乐一期,西        ,朝阳,整租·柏林爱乐一期1室1厅西,常营,6000
低楼层（6层）,63㎡,2室1厅1卫,松榆里,东 西        ,朝阳,整租·松榆里2室1厅东/西,潘家园,6100
低楼层（6层）,58㎡,2室1厅1卫,永泰西里,南 北        ,海淀,整租·永泰西里2室1厅南/北,清河,5600
低楼层（1层）,13㎡,1室1厅1卫,八宝坑胡同,南 北        ,东城,整租·八宝坑胡同1室1厅南/北,东四,5300
低楼层（21层）,42㎡,1室1厅1卫,小黄庄一区,南 北        ,东城,整租·小黄庄一区1室1厅南/北,安贞,5500
低楼层（6层）,69㎡,2室1厅1卫,东高地,南 北        ,丰台,整租·东高地2室1厅南/北,和义,4200
中楼层（6层）,57㎡,2室1厅1卫,八角北路,南 北        ,石景山,整租·八角北路2室1厅南/北,八角,4100
高楼层（18层）,50㎡,1室1厅1卫,定福庄西街,东        ,朝阳,整租·定福庄西街1室1厅东,定福庄,4800
高楼层（6层）,41㎡,1室1厅1卫,万源南里,南        ,丰台,整租·万源南里1室1厅南,旧宫,3300
低楼层（6层）,63㎡,1室1厅1卫,小康家园,南 北        ,大兴,整租·小康家园1室1厅南/北,亦庄,3300
中楼层（11层）,45㎡,1室0厅1卫,政馨园一区,西北        ,丰台,整租·政馨园一区1室0厅西北,宋家庄,4700
高楼层（6层）,11㎡,2室1厅1卫,西三环北路56号院,南        ,海淀,整租·西三环北路56号院2室1厅南,紫竹桥,3200
中楼层（21层）,61㎡,2室1厅1卫,慈云寺,东南        ,朝阳,整租·慈云寺2室1厅东南,红庙,6000
中楼层（6层）,55㎡,2室1厅1卫,十里堡北区,南        ,朝阳,整租·十里堡北区2室1厅南,石佛营,5600
高楼层（6层）,75㎡,3室1厅1卫,卢沟桥南里,南 北        ,丰台,整租·卢沟桥南里3室1厅南/北,卢沟桥,4000
低楼层（24层）,82㎡,2室1厅1卫,新康园,南        ,海淀,整租·新康园2室1厅南,西三旗,5700
中楼层（10层）,42㎡,2房间1卫,房山超级蜂巢,南        ,房山,整租·房山超级蜂巢2房间南,良乡,1500
中楼层（24层）,47㎡,1室0厅1卫,远见名苑,东        ,西城,整租·远见名苑1室0厅东,广安门,5300
低楼层（11层）,44㎡,1室0厅1卫,上林溪,南        ,海淀,整租·上林溪1室0厅南,安宁庄,5500
高楼层（6层）,43㎡,1室1厅1卫,动力厂宿舍,南        ,海淀,整租·动力厂宿舍1室1厅南,安宁庄,4500
高楼层（11层）,43㎡,1室0厅1卫,DBC加州小镇,南        ,通州,整租·DBC加州小镇1室0厅南,临河里,3300
高楼层（16层）,55㎡,1室1厅1卫,恋日绿岛,南        ,朝阳,整租·恋日绿岛1室1厅南,十八里店,3800
中楼层（28层）,60㎡,1室1厅1卫,天下儒寓,东        ,丰台,整租·天下儒寓1室1厅东,科技园区,4600
中楼层（6层）,75㎡,3室1厅1卫,六营门小区,南 北        ,丰台,整租·六营门小区3室1厅南/北,旧宫,3100
低楼层（10层）,50㎡,1室1厅1卫,武夷花园牡丹园,北        ,通州,整租·武夷花园牡丹园1室1厅北,武夷花园,3200
高楼层（6层）,44㎡,1室1厅1卫,八角北里,南        ,石景山,整租·八角北里1室1厅南,八角,3800
高楼层（6层）,58㎡,2室1厅1卫,永定路西里小区,南 北        ,海淀,整租·永定路西里小区2室1厅南/北,五棵松,6000
高楼层（6层）,69㎡,2室1厅1卫,电建南院,南 北        ,朝阳,整租·电建南院2室1厅南/北,定福庄,4900
高楼层（6层）,43㎡,1室1厅1卫,葛布店南里,南        ,通州,整租·葛布店南里1室1厅南,果园,3300
中楼层（5层）,50㎡,2室1厅1卫,小营东路6号院,南        ,海淀,整租·小营东路6号院2室1厅南,清河,5500
高楼层（6层）,63㎡,2室1厅1卫,君堂好园,南        ,朝阳,整租·君堂好园2室1厅南,十八里店,3900
中楼层（28层）,89㎡,2室1厅1卫,宏仁家园,南 北        ,亦庄开发区,整租·宏仁家园2室1厅南/北,马驹桥,3600
高楼层（6层）,87㎡,2室1厅1卫,小潞邑,南 北        ,通州,整租·小潞邑2室1厅南/北,潞苑,3100
高楼层（6层）,80㎡,2室1厅1卫,温泉花园B区,南 北        ,昌平,整租·温泉花园B区2室1厅南/北,北七家,3300
低楼层（28层）,55㎡,1室0厅1卫,华贸城,南        ,朝阳,整租·华贸城1室0厅南,北苑,5800
中楼层（6层）,70㎡,2室1厅1卫,晓月苑一里,南 北        ,丰台,整租·晓月苑一里2室1厅南/北,卢沟桥,3600
中楼层（6层）,60㎡,2室1厅1卫,八里庄北里小区,东 西        ,朝阳,整租·八里庄北里小区2室1厅东/西,石佛营,6000
低楼层（6层）,64㎡,2室2厅1卫,盛春坊,南 北        ,大兴,整租·盛春坊2室2厅南/北,郁花园,3200
高楼层（7层）,49㎡,1室1厅1卫,保利西山林语,南        ,海淀,整租·保利西山林语1室1厅南,海淀北部新区,4700
低楼层（13层）,35㎡,3房间1卫,卡夫卡公社,南        ,朝阳,整租·卡夫卡公社3房间跃层南,定福庄,5600
低楼层（1层）,14㎡,1室0厅0卫,西花厅胡同,西        ,东城,整租·西花厅胡同1室0厅西,金宝街,4000
低楼层（6层）,66㎡,2室1厅1卫,东馨园,南 北        ,海淀,整租·东馨园2室1厅南/北,西北旺,5200
低楼层（6层）,75㎡,2室1厅1卫,东营前街,南 北        ,通州,整租·东营前街2室1厅南/北,万达,3100
低楼层（18层）,62㎡,1室1厅1卫,南海家园二里,西南        ,大兴,整租·南海家园二里1室1厅西南,大兴其它,3100
中楼层（20层）,73㎡,2室1厅1卫,东泽园,南 北        ,朝阳,整租·东泽园2室1厅南/北,东坝,4600
高楼层（6层）,40㎡,2室1厅1卫,八角中里,南        ,石景山,整租·八角中里2室1厅南,八角,4200
低楼层（26层）,43㎡,1室0厅1卫,远见名苑,北        ,西城,整租·远见名苑1室0厅北,广安门,5100
高楼层（7层）,62㎡,2室1厅1卫,西四环中路41号院,南 北        ,海淀,整租·西四环中路41号院2室1厅南/北,五棵松,5000
低楼层（6层）,42㎡,1室1厅1卫,安外西河沿,南        ,东城,整租·安外西河沿1室1厅南,安定门,4700
高楼层（6层）,72㎡,2室1厅1卫,宝盛北里,南 北        ,海淀,整租·宝盛北里2室1厅南/北,清河,5800
低楼层（6层）,48㎡,1室1厅1卫,玉桥南里,南        ,通州,整租·玉桥南里1室1厅南,玉桥,2950
高楼层（20层）,52㎡,1室0厅1卫,北京新天地四期,北        ,朝阳,整租·北京新天地四期1室0厅北,常营,4700
低楼层（22层）,41㎡,1室1厅1卫,光熙门北里,南        ,朝阳,整租·光熙门北里1室1厅南,西坝河,5500
中楼层（6层）,46㎡,1室1厅1卫,志强北园,东        ,海淀,整租·志强北园1室1厅东,小西天,6000
高楼层（18层）,80㎡,2室1厅1卫,远洋一方润园3号院,南 北        ,朝阳,整租·远洋一方润园3号院2室1厅南/北,双桥,5000
低楼层（5层）,52㎡,2室1厅1卫,十万坪,南        ,石景山,整租·十万坪2室1厅南,古城,4000
高楼层（7层）,71㎡,1室1厅1卫,观澳园,南 北        ,海淀,整租·观澳园1室1厅南/北,清河,5500
中楼层（5层）,64㎡,2室1厅1卫,建新南区,南 北        ,顺义,整租·建新南区2室1厅南/北,顺义城,3200
中楼层（23层）,51㎡,1房间1卫,北京像素南区,西南        ,朝阳,整租·北京像素南区1房间西南,常营,4200
低楼层（13层）,54㎡,1室0厅1卫,恒大领寓,西南        ,朝阳,整租·恒大领寓1室0厅西南,豆各庄,4200
高楼层（6层）,58㎡,1室1厅1卫,吕营嘉园C区,南 北        ,朝阳,整租·吕营嘉园C区1室1厅南/北,十里河,4200
低楼层（5层）,51㎡,2室1厅1卫,三家店新河路,南        ,门头沟,整租·三家店新河路2室1厅南,城子,2300
高楼层（6层）,87㎡,2室1厅1卫,建东苑,南 北        ,朝阳,整租·建东苑2室1厅南/北,管庄,5600
低楼层（18层）,81㎡,2室1厅1卫,广安﹒康馨家园,南 北        ,丰台,整租·广安﹒康馨家园2室1厅南/北,青塔,4500
低楼层（9层）,75㎡,2室1厅1卫,诚苑南里,南        ,丰台,整租·诚苑南里2室1厅南,新宫,4100
中楼层（5层）,46㎡,2室0厅1卫,东柳西里,南        ,朝阳,整租·东柳西里2室0厅南,双桥,3900
低楼层（5层）,47㎡,2室1厅1卫,西洼地,南        ,丰台,整租·西洼地2室1厅南,和义,3000
高楼层（16层）,38㎡,1室1厅1卫,安贞西里,北        ,朝阳,整租·安贞西里1室1厅北,安贞,5500
高楼层（13层）,50㎡,1室0厅1卫,时尚街区东区,南        ,通州,整租·时尚街区东区1室0厅南,梨园,3600
高楼层（21层）,50㎡,1室0厅1卫,晓月新苑,南        ,丰台,整租·晓月新苑1室0厅南,卢沟桥,3300
中楼层（13层）,61㎡,1室1厅1卫,马甸南村,南        ,西城,整租·马甸南村1室1厅南,马甸,6000
中楼层（6层）,45㎡,1室1厅1卫,蔚园,南        ,丰台,整租·蔚园1室1厅南,青塔,4000
低楼层（3层）,54㎡,2室1厅1卫,北湖渠,南        ,朝阳,整租·北湖渠2室1厅南,亚运村小营,5600
高楼层（6层）,83㎡,3室1厅2卫,一品嘉园,南 北        ,大兴,整租·一品嘉园3室1厅南/北,天宫院南,3000
低楼层（6层）,57㎡,2室1厅1卫,万源南里,南 北        ,丰台,整租·万源南里2室1厅南/北,旧宫,3700
中楼层（14层）,57㎡,1室1厅1卫,苹果园小区一区,东        ,石景山,整租·苹果园小区一区1室1厅东,苹果园,4000
高楼层（18层）,60㎡,1室1厅1卫,弘善家园,南        ,朝阳,整租·弘善家园1室1厅南,潘家园,5000
高楼层（6层）,87㎡,2室1厅1卫,自然佳境,南 北        ,通州,整租·自然佳境2室1厅南/北,潞苑,3200
中楼层（6层）,41㎡,1室1厅1卫,李村东里,南        ,东城,整租·李村东里1室1厅南,永定门,4000
高楼层（6层）,82㎡,2室1厅1卫,北亚花园,南 北        ,昌平,整租·北亚花园2室1厅南/北,北七家,3600
高楼层（4层）,52㎡,2室0厅1卫,幸福北里,东 西        ,东城,整租·幸福北里2室0厅东/西,广渠门,4700
高楼层（7层）,48㎡,1室1厅1卫,建材城东一里,南 北        ,海淀,整租·建材城东一里1室1厅南/北,西三旗,4200
高楼层（6层）,40㎡,1室1厅1卫,月坛北街25号院,南        ,西城,整租·月坛北街25号院1室1厅南,月坛,5500
低楼层（12层）,26㎡,1室0厅1卫,风林绿洲,北        ,朝阳,整租·风林绿洲1室0厅北,南沙滩,5500
低楼层（17层）,89㎡,2室1厅1卫,远洋一方新悦二期,东南        ,朝阳,整租·远洋一方新悦二期2室1厅东南,双桥,5500
高楼层（18层）,63㎡,2室1厅1卫,育新花园,西        ,海淀,整租·育新花园2室1厅西,西三旗,6000
中楼层（6层）,40㎡,1室1厅1卫,学院路甲9号院,南        ,海淀,整租·学院路甲9号院1室1厅南,五道口,6000
高楼层（5层）,67㎡,1室1厅1卫,紫南家园,南 西 北        ,朝阳,整租·紫南家园1室1厅南/西/北,欢乐谷,5500
高楼层（6层）,53㎡,2室1厅1卫,青塔东里7号院,东南        ,丰台,整租·青塔东里7号院2室1厅东南,青塔,4300
低楼层（27层）,66㎡,1室1厅1卫,新马家园,南        ,顺义,整租·新马家园1室1厅南,马坡,2600
中楼层（6层）,60㎡,1室1厅1卫,春晖园,南        ,海淀,整租·春晖园1室1厅南,西北旺,5300
低楼层（20层）,63㎡,1室1厅1卫,仁和花园一区,南 西        ,顺义,整租·仁和花园一区1室1厅南/西,顺义城,2800
低楼层（6层）,60㎡,2室1厅1卫,模式口西里,东南        ,石景山,整租·模式口西里2室1厅东南,苹果园,4300
高楼层（6层）,72㎡,2室1厅1卫,德露苑,南        ,门头沟,整租·德露苑2室1厅南,滨河西区,2600
高楼层（6层）,57㎡,2室1厅1卫,安宁里,南 北        ,海淀,整租·安宁里2室1厅南/北,安宁庄,5200
中楼层（8层）,47㎡,1房间1卫,iMOMA,东        ,海淀,整租·iMOMA1房间东,上地,4500
高楼层（6层）,51㎡,1室1厅1卫,甘露园南里,南        ,朝阳,整租·甘露园南里1室1厅南,甘露园,5200
地下室（7层）,35㎡,1室1厅1卫,安德路47号院,南        ,东城,整租·安德路47号院1室1厅南,安定门,4600
高楼层（6层）,81㎡,2室1厅1卫,红星北里,南 北        ,丰台,整租·红星北里2室1厅南/北,和义,4100
低楼层（6层）,68㎡,2室1厅1卫,馨港庄园三区,北        ,顺义,整租·馨港庄园三区2室1厅北,李桥,2900
中楼层（11层）,40㎡,1室0厅1卫,巴克摩界,东        ,通州,整租·巴克摩界1室0厅东,果园,3400
高楼层（6层）,59㎡,2室1厅1卫,韩庄子西里,南 北        ,丰台,整租·韩庄子西里2室1厅南/北,看丹桥,4600
低楼层（12层）,46㎡,1室1厅1卫,复兴路甲65号,南        ,海淀,整租·复兴路甲65号1室1厅南,万寿路,5000
中楼层（18层）,47㎡,1室0厅1卫,富力又一城C区,南        ,朝阳,整租·富力又一城C区1室0厅南,豆各庄,4200
中楼层（17层）,49㎡,1室1厅1卫,安德里北街25号院,南 西        ,东城,整租·安德里北街25号院1室1厅南/西,安定门,5700
中楼层（12层）,92㎡,2室1厅1卫,泰河园七里,南        ,亦庄开发区,整租·泰河园七里2室1厅南,亦庄开发区其它,4000
低楼层（12层）,64㎡,2室1厅1卫,东亚印象台湖,南        ,通州,整租·东亚印象台湖2室1厅南,通州其它,2900
低楼层（7层）,88㎡,2室1厅1卫,北亚花园,北        ,昌平,整租·北亚花园2室1厅北,北七家,3800
高楼层（6层）,40㎡,1室1厅1卫,高家园一区,南        ,朝阳,整租·高家园一区1室1厅南,酒仙桥,5200
高楼层（5层）,50㎡,2室1厅1卫,北大地四里,南 北        ,丰台,整租·北大地四里2室1厅南/北,北大地,4300
高楼层（12层）,52㎡,1室1厅1卫,当代名筑,西        ,通州,整租·当代名筑1室1厅西,梨园,3600
高楼层（6层）,36㎡,1室1厅1卫,红庙北里,南        ,朝阳,整租·红庙北里1室1厅南,红庙,5100
中楼层（5层）,52㎡,2室1厅1卫,林校北里,南        ,大兴,整租·林校北里2室1厅南,黄村火车站,3000
高楼层（12层）,53㎡,1室1厅1卫,东亚印象台湖,南        ,通州,整租·东亚印象台湖1室1厅南,通州其它,2800
高楼层（22层）,45㎡,1室1厅1卫,文慧园15号16公寓,东        ,海淀,整租·文慧园15号16公寓1室1厅东,新街口,6000
高楼层（6层）,92㎡,2室1厅1卫,昊天温泉家园,南 北        ,房山,整租·昊天温泉家园2室1厅南/北,良乡,2600
高楼层（11层）,37㎡,1室0厅1卫,摩卡空间,南        ,通州,整租·摩卡空间1室0厅南,万达,3100
高楼层（6层）,59㎡,2室1厅1卫,东环路小区,东 西        ,昌平,整租·东环路小区2室1厅东/西,东关,3000
高楼层（6层）,63㎡,2室1厅1卫,潞河中学北街,南 北        ,通州,整租·潞河中学北街2室1厅南/北,万达,3200
低楼层（6层）,64㎡,1室1厅1卫,铁路宿舍,南 北        ,通州,整租·铁路宿舍1室1厅南/北,通州北苑,3600
中楼层（6层）,60㎡,2室1厅1卫,贵园南里丙区,南 北        ,亦庄开发区,整租·贵园南里丙区2室1厅南/北,亦庄,3500
高楼层（6层）,42㎡,1室1厅1卫,展春园,南        ,海淀,整租·展春园1室1厅南,五道口,5500
低楼层（6层）,62㎡,2室1厅1卫,椿树馆街35号院,东 西        ,西城,整租·椿树馆街35号院2室1厅东/西,天宁寺,5300
中楼层（6层）,43㎡,1室1厅1卫,永泰西里,南        ,海淀,整租·永泰西里1室1厅南,清河,4800
低楼层（12层）,38㎡,1室0厅1卫,五月华庭,南        ,海淀,整租·五月华庭1室0厅南,新街口,5600
中楼层（6层）,41㎡,1室1厅1卫,半壁店六建宿舍,南        ,海淀,整租·半壁店六建宿舍1室1厅南,田村,4300
中楼层（6层）,58㎡,2室1厅1卫,永泰东里,东 西        ,海淀,整租·永泰东里2室1厅东/西,清河,5600
低楼层（6层）,44㎡,1室1厅1卫,南开西里,南 北        ,丰台,整租·南开西里1室1厅南/北,看丹桥,3500
低楼层（8层）,80㎡,2室1厅1卫,东亚朗悦居,南 北        ,房山,整租·东亚朗悦居2室1厅南/北,阎村,2600
低楼层（24层）,65㎡,1室1厅1卫,新马家园,南        ,顺义,整租·新马家园1室1厅南,马坡,2700
高楼层（24层）,56㎡,2房间1卫,旭辉奥都,西        ,朝阳,整租·旭辉奥都2房间西,北苑,5100
低楼层（6层）,46㎡,1室1厅1卫,滨河西里,南        ,大兴,整租·滨河西里1室1厅南,枣园,3200
高楼层（6层）,57㎡,2室1厅1卫,永泰庄6号院,南 北        ,海淀,整租·永泰庄6号院2室1厅南/北,清河,6000
高楼层（6层）,35㎡,2室0厅1卫,翠微路2号院,北        ,海淀,整租·翠微路2号院2室0厅北,公主坟,4500
高楼层（29层）,83㎡,2室1厅1卫,金隅通和园,南        ,通州,整租·金隅通和园2室1厅南,临河里,3300
高楼层（7层）,63㎡,2室1厅1卫,京科苑,南 北        ,昌平,整租·京科苑2室1厅南/北,东关,3200
地下室（6层）,59㎡,2室1厅1卫,万寿路小区,东 西        ,海淀,整租·万寿路小区2室1厅东/西,公主坟,6000
高楼层（16层）,38㎡,1室1厅1卫,东直门外大街(朝阳）,北        ,朝阳,整租·东直门外大街(朝阳）1室1厅北,工体,5500
高楼层（5层）,56㎡,2室1厅1卫,新城东里,南 北        ,通州,整租·新城东里2室1厅南/北,万达,3300
中楼层（5层）,38㎡,1室1厅1卫,古城南路,南        ,石景山,整租·古城南路1室1厅南,古城,3600
低楼层（6层）,42㎡,1室1厅1卫,华严北里3号院,南        ,朝阳,整租·华严北里3号院1室1厅南,健翔桥,6000
中楼层（4层）,59㎡,1室1厅1卫,门头馨村,南        ,海淀,整租·门头馨村1室1厅南,西山,4500
高楼层（6层）,74㎡,2室1厅1卫,宇航小区,南 北        ,大兴,整租·宇航小区2室1厅南/北,旧宫,3000
高楼层（6层）,63㎡,2室1厅1卫,新桥路小区,南 北        ,门头沟,整租·新桥路小区2室1厅南/北,大峪,2300
高楼层（5层）,44㎡,1室0厅1卫,北环里小区,西        ,昌平,整租·北环里小区1室0厅西,鼓楼大街,2600
中楼层（6层）,55㎡,2室1厅1卫,东环路小区,东 北        ,昌平,整租·东环路小区2室1厅东/北,东关,2900
高楼层（6层）,68㎡,2室1厅1卫,东关南里小区,东 西        ,昌平,整租·东关南里小区2室1厅东/西,东关,3000
高楼层（6层）,66㎡,2室1厅1卫,石园南区,南        ,顺义,整租·石园南区2室1厅南,顺义城,2600
中楼层（18层）,58㎡,1室0厅1卫,新城市经典,西        ,丰台,整租·新城市经典1室0厅西,科技园区,4500
低楼层（18层）,45㎡,1室0厅1卫,蓝调沙龙东区,南        ,通州,整租·蓝调沙龙东区1室0厅南,九棵树(家乐福),3500
低楼层（19层）,58㎡,1室1厅1卫,牛街西里,西南        ,西城,整租·牛街西里1室1厅西南,牛街,5800
高楼层（6层）,57㎡,2室1厅1卫,高家园一区,南        ,朝阳,整租·高家园一区2室1厅南,酒仙桥,5800
高楼层（19层）,60㎡,1室1厅1卫,天资华府,南        ,房山,整租·天资华府1室1厅南,长阳,2700
低楼层（6层）,46㎡,2室1厅1卫,延静里中街,南        ,朝阳,整租·延静里中街2室1厅南,红庙,5500
高楼层（6层）,68㎡,2室2厅1卫,观音寺北里,南 北        ,大兴,整租·观音寺北里2室2厅南/北,观音寺,3500
高楼层（6层）,50㎡,1室1厅1卫,五里店南里,南 北        ,丰台,整租·五里店南里1室1厅南/北,五里店,3000
中楼层（6层）,135㎡,3室1厅2卫,蓬莱公寓西区,南 北        ,昌平,整租·蓬莱公寓西区3室1厅南/北,北七家,3900
中楼层（12层）,69㎡,1室1厅1卫,泰河园一里一区,南 北        ,亦庄开发区,整租·泰河园一里一区1室1厅南/北,亦庄开发区其它,4000
低楼层（6层）,38㎡,1室0厅1卫,建新南区,南        ,顺义,整租·建新南区1室0厅南,顺义城,2500
高楼层（21层）,51㎡,1室1厅1卫,云立方,东 南        ,大兴,整租·云立方1室1厅东/南,天宫院,3500
高楼层（6层）,57㎡,1室1厅1卫,磨房南里,南 北        ,朝阳,整租·磨房南里1室1厅南/北,北工大,4800
高楼层（6层）,55㎡,2室1厅1卫,右外东庄,南 北        ,丰台,整租·右外东庄2室1厅南/北,北京南站,4200
低楼层（3层）,68㎡,2室1厅1卫,管庄东里,南 北        ,朝阳,整租·管庄东里2室1厅南/北,管庄,4500
高楼层（6层）,63㎡,2室1厅1卫,乔庄北街6号院,南 北        ,通州,整租·乔庄北街6号院2室1厅南/北,乔庄,3000
中楼层（6层）,67㎡,2室1厅1卫,兴政西里,南 北        ,大兴,整租·兴政西里2室1厅南/北,黄村中,3400
高楼层（13层）,67㎡,1室1厅1卫,翠成馨园,南 北        ,朝阳,整租·翠成馨园1室1厅南/北,垡头,5500
中楼层（24层）,40㎡,1室0厅1卫,海悦公馆,南        ,大兴,整租·海悦公馆1室0厅南,观音寺,3100
中楼层（14层）,55㎡,1室1厅1卫,风格景园,东        ,丰台,整租·风格景园1室1厅东,西罗园,4000
高楼层（7层）,62㎡,2室1厅1卫,砂轮厂宿舍,南        ,海淀,整租·砂轮厂宿舍2室1厅南,清河,5500
高楼层（6层）,89㎡,2室2厅1卫,玉桥西里70号院,南 北        ,通州,整租·玉桥西里70号院2室2厅南/北,玉桥,3500
高楼层（22层）,89㎡,2室1厅1卫,中建雅颂居,南 北        ,通州,整租·中建雅颂居2室1厅南/北,潞苑,3400
高楼层（6层）,81㎡,2室2厅1卫,康乐小区,南 北        ,顺义,整租·康乐小区2室2厅南/北,马坡,2500
高楼层（11层）,90㎡,2室1厅1卫,翠成馨园,南 北        ,朝阳,整租·翠成馨园2室1厅南/北,垡头,6000
高楼层（5层）,109㎡,2室2厅2卫,一世情园,南 北        ,亦庄开发区,整租·一世情园2室2厅南/北,马驹桥,3600
高楼层（6层）,71㎡,2室1厅1卫,七一宿舍,南 北        ,昌平,整租·七一宿舍2室1厅南/北,鼓楼大街,3700
低楼层（6层）,86㎡,2室1厅1卫,石园南区,南 北        ,顺义,整租·石园南区2室1厅南/北,顺义城,2500
地下室（6层）,48㎡,2室1厅1卫,大六部口,南 北        ,西城,整租·大六部口2室1厅南/北,西单,6000
高楼层（6层）,37㎡,1室0厅1卫,樱花园二区,南 北        ,顺义,整租·樱花园二区1室0厅南/北,李桥,2500
低楼层（20层）,29㎡,1室0厅1卫,荣丰2008,西南        ,西城,整租·荣丰20081室0厅西南,广安门,3700
高楼层（6层）,60㎡,2室1厅1卫,和义西里二区,东        ,丰台,整租·和义西里二区2室1厅东,和义,3700
低楼层（6层）,36㎡,1室1厅1卫,张郭庄小区,南 北        ,丰台,整租·张郭庄小区1室1厅南/北,丰台其它,3300
中楼层（6层）,54㎡,2室1厅1卫,地壳所,南 北        ,海淀,整租·地壳所2室1厅南/北,安宁庄,5000
中楼层（5层）,37㎡,1室1厅1卫,北关东路社区,南        ,房山,整租·北关东路社区1室1厅南,良乡,2000
低楼层（16层）,39㎡,1室0厅1卫,华龙美树,北        ,朝阳,整租·华龙美树1室0厅北,管庄,4000
中楼层（8层）,48㎡,1室1厅1卫,柳浪家园北里,南        ,海淀,整租·柳浪家园北里1室1厅南,马连洼,5200
高楼层（5层）,37㎡,1室1厅1卫,文化路社区,南        ,房山,整租·文化路社区1室1厅南,良乡,2000
高楼层（6层）,62㎡,2室1厅1卫,南平里,南 北        ,朝阳,整租·南平里2室1厅南/北,首都机场,3200
高楼层（6层）,69㎡,2室1厅1卫,观音寺北里,南 北        ,大兴,整租·观音寺北里2室1厅南/北,观音寺,2800
高楼层（4层）,50㎡,2室0厅1卫,古城路小区,南 北        ,石景山,整租·古城路小区2室0厅南/北,古城,4300
低楼层（6层）,60㎡,3室1厅1卫,葛布店东里,南 北        ,通州,整租·葛布店东里3室1厅南/北,果园,3600
高楼层（6层）,67㎡,2室1厅1卫,葡东小区,南 北        ,门头沟,整租·葡东小区2室1厅南/北,滨河西区,2600
低楼层（18层）,66㎡,2室1厅1卫,华威西里,东南        ,朝阳,整租·华威西里2室1厅东南,潘家园,6000
低楼层（6层）,58㎡,2室1厅1卫,七贤村,南 北        ,海淀,整租·七贤村2室1厅南/北,紫竹桥,6000
中楼层（10层）,70㎡,2室1厅1卫,清缘里中区,东 西        ,海淀,整租·清缘里中区2室1厅东/西,清河,6000
中楼层（12层）,47㎡,1室1厅1卫,芳城园三区,东南        ,丰台,整租·芳城园三区1室1厅东南,方庄,4700
高楼层（16层）,45㎡,1室1厅1卫,志强南园,南        ,海淀,整租·志强南园1室1厅南,新街口,5600
高楼层（6层）,43㎡,1室0厅1卫,北苑甲55号院,南        ,通州,整租·北苑甲55号院1室0厅南,通州北苑,3600
中楼层（4层）,51㎡,1室1厅1卫,晨欣园,南        ,丰台,整租·晨欣园1室1厅南,马家堡,4500
中楼层（18层）,47㎡,1室0厅1卫,信和嘉园,北        ,西城,整租·信和嘉园1室0厅北,马连道,5600
中楼层（6层）,56㎡,2室1厅1卫,马连道欣园东路,南 北        ,丰台,整租·马连道欣园东路2室1厅南/北,马连道,4500
低楼层（15层）,49㎡,1室1厅1卫,南庭新苑北区,东        ,丰台,整租·南庭新苑北区1室1厅东,新宫,4100
低楼层（19层）,53㎡,1室1厅1卫,清上园,北        ,海淀,整租·清上园1室1厅北,安宁庄,4900
低楼层（15层）,48㎡,1室0厅1卫,当代商城鼎城,北        ,石景山,整租·当代商城鼎城1室0厅北,杨庄,4100
中楼层（14层）,60㎡,1室1厅1卫,倚山嘉园,东        ,门头沟,整租·倚山嘉园1室1厅东,滨河西区,2600
低楼层（27层）,79㎡,2室1厅1卫,广安﹒康馨家园,南 北        ,丰台,整租·广安﹒康馨家园2室1厅南/北,青塔,4500
中楼层（5层）,45㎡,2室1厅1卫,黄村西里,南 北        ,大兴,整租·黄村西里2室1厅南/北,黄村中,3000
高楼层（6层）,53㎡,1室1厅1卫,西潞园四里,南 北        ,房山,整租·西潞园四里1室1厅南/北,良乡,1900
低楼层（14层）,44㎡,1室1厅1卫,香河园北里,东        ,东城,整租·香河园北里1室1厅东,东直门,5700
低楼层（15层）,72㎡,2室1厅1卫,金隅七零九零,南        ,通州,整租·金隅七零九零2室1厅南,临河里,3300
中楼层（21层）,52㎡,1室1厅1卫,程庄南里,东        ,丰台,整租·程庄南里1室1厅东,五里店,3700
高楼层（6层）,60㎡,1室1厅1卫,三羊里,南 北        ,大兴,整租·三羊里1室1厅南/北,亦庄,3200
中楼层（6层）,66㎡,2室1厅1卫,康家园,南 北        ,朝阳,整租·康家园2室1厅南/北,甘露园,6000
中楼层（5层）,36㎡,1室1厅1卫,东郊木材厂宿舍,南        ,朝阳,整租·东郊木材厂宿舍1室1厅南,朝青,4000
低楼层（6层）,38㎡,1室1厅1卫,甜水园东里,东 西        ,朝阳,整租·甜水园东里1室1厅东/西,甜水园,5000
中楼层（10层）,75㎡,2室1厅1卫,六里屯三区,南 北        ,海淀,整租·六里屯三区2室1厅南/北,海淀北部新区,6000
高楼层（6层）,50㎡,2室1厅1卫,老山西里,南 北        ,石景山,整租·老山西里2室1厅南/北,老山,4300
高楼层（16层）,56㎡,2室1厅1卫,三义东里,南        ,西城,整租·三义东里2室1厅南,马连道,5800
高楼层（6层）,62㎡,2室1厅1卫,华威南路,南 北        ,朝阳,整租·华威南路2室1厅南/北,潘家园,5800
高楼层（12层）,61㎡,2室1厅1卫,八里庄北里小区,西北        ,朝阳,整租·八里庄北里小区2室1厅西北,石佛营,6000
高楼层（6层）,98㎡,2室2厅1卫,兴水家园,南 北        ,大兴,整租·兴水家园2室2厅南/北,黄村火车站,3200
高楼层（6层）,68㎡,2室1厅1卫,东馨园,南 北        ,海淀,整租·东馨园2室1厅南/北,西北旺,5000
高楼层（4层）,60㎡,1室1厅1卫,门头馨村,南        ,海淀,整租·门头馨村1室1厅南,西山,4300
高楼层（6层）,54㎡,1室1厅1卫,苇子坑1号院,南        ,丰台,整租·苇子坑1号院1室1厅南,成寿寺,4500
低楼层（18层）,55㎡,2室1厅1卫,甘露园南里,西南        ,朝阳,整租·甘露园南里2室1厅西南,甘露园,5600
中楼层（26层）,55㎡,1室0厅1卫,方恒东景,南        ,通州,整租·方恒东景1室0厅南,临河里,3300
高楼层（5层）,82㎡,2室1厅1卫,柏阳景园,南 北        ,朝阳,整租·柏阳景园2室1厅南/北,朝阳其它,4200
高楼层（6层）,39㎡,1室1厅1卫,皂君庙丙4号院,南        ,海淀,整租·皂君庙丙4号院1室1厅南,皂君庙,6000
中楼层（5层）,52㎡,2室1厅1卫,定慧北里,南 北        ,海淀,整租·定慧北里2室1厅南/北,定慧寺,5800
高楼层（6层）,105㎡,3室2厅1卫,四海公寓,南 北        ,通州,整租·四海公寓3室2厅南/北,潞苑,3500
高楼层（6层）,54㎡,2室1厅1卫,新桥路小区,南 北        ,门头沟,整租·新桥路小区2室1厅南/北,大峪,2100
地下室（6层）,70㎡,2室1厅1卫,伟业嘉园北里,西北        ,房山,整租·伟业嘉园北里2室1厅西北,良乡,2000
中楼层（16层）,54㎡,2室1厅1卫,金隅瑞和园,东 北        ,海淀,整租·金隅瑞和园2室1厅东/北,玉泉路,4900
高楼层（5层）,60㎡,2室1厅1卫,双桥六号井,南 北        ,朝阳,整租·双桥六号井2室1厅南/北,双桥,3600
高楼层（7层）,61㎡,2室1厅1卫,永金里小区,南 北        ,海淀,整租·永金里小区2室1厅南/北,五棵松,5000
低楼层（24层）,51㎡,1室0厅1卫,鼎晟国际,东        ,通州,整租·鼎晟国际1室0厅东,万达,3600
高楼层（6层）,58㎡,2室1厅1卫,北平里,南 北        ,朝阳,整租·北平里2室1厅南/北,首都机场,4000
高楼层（9层）,35㎡,1室1厅1卫,本家润园二期,北        ,东城,整租·本家润园二期1室1厅北,东花市,5000
中楼层（24层）,53㎡,1室0厅1卫,橙色年代,北        ,海淀,整租·橙色年代1室0厅北,六里桥,4800
高楼层（6层）,67㎡,2室1厅1卫,东平里,南 北        ,朝阳,整租·东平里2室1厅南/北,首都机场,3500
高楼层（6层）,60㎡,1室1厅1卫,仓上小区,南 北        ,顺义,整租·仓上小区1室1厅南/北,顺义城,2600
中楼层（6层）,68㎡,2室1厅1卫,观音寺南里,南 北        ,大兴,整租·观音寺南里2室1厅南/北,观音寺,2800
高楼层（6层）,55㎡,2室1厅1卫,金鱼池中区,东        ,东城,整租·金鱼池中区2室1厅东,天坛,6200
低楼层（10层）,56㎡,2房间1卫,兴盛国际,南        ,亦庄开发区,整租·兴盛国际2房间南,亦庄,3500
低楼层（11层）,72㎡,1室1厅1卫,柏林爱乐三期,东 西        ,朝阳,整租·柏林爱乐三期1室1厅东/西,常营,5800
高楼层（5层）,36㎡,1室1厅1卫,黑窑厂西里,南        ,西城,整租·黑窑厂西里1室1厅南,陶然亭,5500
高楼层（6层）,60㎡,2室1厅1卫,石园东区,南 北        ,顺义,整租·石园东区2室1厅南/北,顺义城,2500
中楼层（18层）,48㎡,1室1厅1卫,椿树园,西        ,西城,整租·椿树园1室1厅西,宣武门,6000
高楼层（6层）,47㎡,1室1厅1卫,静安东里,南        ,朝阳,整租·静安东里1室1厅南,国展,5500
低楼层（6层）,58㎡,2室1厅1卫,建国街一里,南 北        ,丰台,整租·建国街一里2室1厅南/北,看丹桥,4000
中楼层（6层）,68㎡,2室1厅1卫,昌平宽街,南 北        ,昌平,整租·昌平宽街2室1厅南/北,鼓楼大街,3700
低楼层（6层）,121㎡,3室1厅1卫,绿丰家园,南 北        ,朝阳,整租·绿丰家园3室1厅南/北,朝阳其它,5700
中楼层（6层）,62㎡,2室1厅1卫,高家园一区,西北        ,朝阳,整租·高家园一区2室1厅西北,酒仙桥,6000
高楼层（21层）,70㎡,1室1厅1卫,金隅景和园,东        ,朝阳,整租·金隅景和园1室1厅东,东坝,4800
中楼层（6层）,56㎡,2室1厅1卫,南平里,南 北        ,朝阳,整租·南平里2室1厅南/北,首都机场,4200
低楼层（6层）,48㎡,1室1厅1卫,车站西街17号院,南        ,西城,整租·车站西街17号院1室1厅南,广安门,4300
高楼层（5层）,51㎡,2室1厅1卫,明源北里,南        ,房山,整租·明源北里2室1厅南,良乡,1900
高楼层（6层）,77㎡,2室1厅1卫,北新家园,南 北        ,海淀,整租·北新家园2室1厅南/北,西三旗,5995
中楼层（4层）,52㎡,2室1厅1卫,圆明园西路3号院,南        ,海淀,整租·圆明园西路3号院2室1厅南,马连洼,5800
中楼层（11层）,72㎡,1室1厅1卫,柏林爱乐三期,东 西        ,朝阳,整租·柏林爱乐三期1室1厅东/西,常营,5800
中楼层（15层）,89㎡,2室1厅1卫,纳帕澜郡,南 北        ,昌平,整租·纳帕澜郡2室1厅南/北,小汤山,3900
中楼层（6层）,61㎡,2室1厅1卫,定福庄北里2号院,南        ,朝阳,整租·定福庄北里2号院2室1厅南,定福庄,5500
高楼层（20层）,66㎡,1室1厅1卫,北京新天地四期,东        ,朝阳,整租·北京新天地四期1室1厅东,常营,5300
高楼层（6层）,57㎡,2室1厅1卫,清秀园南区,南        ,昌平,整租·清秀园南区2室1厅南,东关,3500
高楼层（13层）,55㎡,1室1厅1卫,翠成馨园,南 北        ,朝阳,整租·翠成馨园1室1厅南/北,垡头,4800
中楼层（18层）,52㎡,1室1厅1卫,农光东里,南        ,朝阳,整租·农光东里1室1厅南,劲松,6000
高楼层（6层）,45㎡,1室1厅1卫,石泉砖厂A7区,南        ,门头沟,整租·石泉砖厂A7区1室1厅南,门头沟其它,1900
中楼层（15层）,45㎡,1室0厅1卫,东方财富,西        ,东城,整租·东方财富1室0厅西,广渠门,5500
高楼层（6层）,40㎡,1室1厅1卫,西革新里108号院,南        ,东城,整租·西革新里108号院1室1厅南,永定门,4500
高楼层（9层）,138㎡,4室2厅2卫,格林云墅,南 北        ,大兴,整租·格林云墅4室2厅南/北,大兴其它,3200
中楼层（6层）,60㎡,2室1厅1卫,葛布店北里,南 北        ,通州,整租·葛布店北里2室1厅南/北,果园,3600
中楼层（6层）,46㎡,1室1厅1卫,五芳园,南        ,石景山,整租·五芳园1室1厅南,鲁谷,4000
高楼层（6层）,50㎡,2室1厅1卫,桥东街小区,南        ,门头沟,整租·桥东街小区2室1厅南,城子,2300
高楼层（6层）,99㎡,3室1厅1卫,金海街36号院,南 北        ,通州,整租·金海街36号院3室1厅南/北,通州北苑,3500
低楼层（10层）,70㎡,2室1厅1卫,清缘里中区,东 西        ,海淀,整租·清缘里中区2室1厅东/西,清河,6000
中楼层（11层）,62㎡,1室1厅1卫,DBC加州小镇,南        ,通州,整租·DBC加州小镇1室1厅南,临河里,3600
低楼层（23层）,60㎡,1室1厅1卫,路劲世界城一期,南        ,昌平,整租·路劲世界城一期1室1厅南,南邵,3600
中楼层（6层）,43㎡,1室1厅1卫,裕中西里,南        ,西城,整租·裕中西里1室1厅南,马甸,6000
高楼层（6层）,58㎡,2室1厅1卫,龙府花园,南 北        ,顺义,整租·龙府花园2室1厅南/北,顺义城,3300
高楼层（12层）,52㎡,1室1厅1卫,平原里小区,西        ,西城,整租·平原里小区1室1厅西,牛街,4800
高楼层（6层）,64㎡,2室1厅1卫,花家地西里一区,南 北        ,朝阳,整租·花家地西里一区2室1厅南/北,望京,6000
低楼层（20层）,59㎡,1室1厅1卫,东泽园,南 西        ,朝阳,整租·东泽园1室1厅南/西,东坝,4300
低楼层（21层）,84㎡,2室1厅1卫,金隅景和园,南        ,朝阳,整租·金隅景和园2室1厅南,东坝,5300
高楼层（6层）,39㎡,1室1厅1卫,静安东里,南 北        ,朝阳,整租·静安东里1室1厅南/北,国展,5300
高楼层（15层）,45㎡,1室1厅1卫,太平桥西里,西        ,丰台,整租·太平桥西里1室1厅西,太平桥,4500
低楼层（6层）,65㎡,2室1厅1卫,三元村,南 北        ,通州,整租·三元村2室1厅南/北,武夷花园,3500
高楼层（6层）,64㎡,2室1厅1卫,潞潮佳苑,南 北        ,通州,整租·潞潮佳苑2室1厅南/北,潞苑,3100
中楼层（27层）,57㎡,1室0厅1卫,上元君庭,北        ,朝阳,整租·上元君庭1室0厅北,奥林匹克公园,5800
高楼层（12层）,52㎡,1室2厅1卫,劲松七区,南        ,朝阳,整租·劲松七区1室2厅南,潘家园,4800
中楼层（28层）,44㎡,1室0厅1卫,炫特嘉园一期,北        ,朝阳,整租·炫特嘉园一期1室0厅北,石佛营,5100
高楼层（5层）,60㎡,2室1厅1卫,黄村西里,南 北        ,大兴,整租·黄村西里2室1厅南/北,黄村中,3000
高楼层（6层）,54㎡,1室1厅1卫,南开西里,南 北        ,丰台,整租·南开西里1室1厅南/北,看丹桥,3800
高楼层（6层）,44㎡,1室1厅1卫,学院路甲39号院,南        ,海淀,整租·学院路甲39号院1室1厅南,学院路,5600
高楼层（16层）,42㎡,1室1厅1卫,复兴路30号院,南        ,海淀,整租·复兴路30号院1室1厅南,五棵松,5600
中楼层（22层）,53㎡,1室0厅1卫,长城国际,西        ,通州,整租·长城国际1室0厅西,通州北苑,3600
高楼层（6层）,35㎡,1室1厅1卫,和平街十三区,东        ,朝阳,整租·和平街十三区1室1厅东,和平里,5500
高楼层（6层）,51㎡,1室1厅1卫,和义西里三区,南        ,丰台,整租·和义西里三区1室1厅南,和义,3700
低楼层（18层）,47㎡,1室1厅1卫,华严北里小区,南        ,朝阳,整租·华严北里小区1室1厅南,健翔桥,5500
低楼层（6层）,47㎡,1室1厅1卫,宝盛里,南        ,海淀,整租·宝盛里1室1厅南,清河,5000
高楼层（5层）,97㎡,2室2厅1卫,隆盛园,南 北        ,大兴,整租·隆盛园2室2厅南/北,天宫院南,2500
中楼层（15层）,55㎡,1室1厅1卫,龙泉苑小区,南 北        ,顺义,整租·龙泉苑小区1室1厅南/北,顺义城,3300
低楼层（6层）,80㎡,2室1厅1卫,玉海园五里,东 西        ,海淀,整租·玉海园五里2室1厅东/西,玉泉路,5900
高楼层（7层）,60㎡,2室1厅1卫,管村10号,南 北        ,东城,整租·管村10号2室1厅南/北,永定门,5500
高楼层（15层）,53㎡,1室1厅1卫,石佛营西里小区,南 北        ,朝阳,整租·石佛营西里小区1室1厅南/北,石佛营,5000
高楼层（4层）,63㎡,2室1厅1卫,西洼地,南 北        ,丰台,整租·西洼地2室1厅南/北,和义,3700
低楼层（18层）,58㎡,1室1厅1卫,和平西街1号院,南        ,朝阳,整租·和平西街1号院1室1厅南,和平里,5500
高楼层（6层）,58㎡,2室1厅1卫,烟厂宿舍,南        ,朝阳,整租·烟厂宿舍2室1厅南,管庄,4400
高楼层（6层）,62㎡,3室0厅1卫,桃园南街10号院,南 北        ,东城,整租·桃园南街10号院3室0厅南/北,永定门,5400
高楼层（6层）,77㎡,1室1厅1卫,西潞苑小区,南 北        ,通州,整租·西潞苑小区1室1厅南/北,北关,3300
高楼层（6层）,57㎡,1室1厅1卫,苏庄东街,东 西        ,房山,整租·苏庄东街1室1厅东/西,良乡,2500
中楼层（34层）,61㎡,1室1厅1卫,广安﹒康馨家园,南        ,丰台,整租·广安﹒康馨家园1室1厅南,青塔,4200
高楼层（6层）,42㎡,1室1厅1卫,志新村,南        ,海淀,整租·志新村1室1厅南,二里庄,6000
低楼层（28层）,67㎡,1室1厅1卫,京棉新城二厂,东        ,朝阳,整租·京棉新城二厂1室1厅东,四惠,5300
低楼层（27层）,60㎡,1室1厅1卫,泰福苑D2区,南        ,朝阳,整租·泰福苑D2区1室1厅南,定福庄,4700
低楼层（6层）,43㎡,1室0厅1卫,仓南胡同14号院,南        ,东城,整租·仓南胡同14号院1室0厅南,朝阳门内,5700
高楼层（6层）,69㎡,2室1厅1卫,晓月苑一里,南 北        ,丰台,整租·晓月苑一里2室1厅南/北,卢沟桥,3500
高楼层（14层）,85㎡,2室1厅1卫,合生世界村,西        ,通州,整租·合生世界村2室1厅西,马驹桥,3600
低楼层（7层）,45㎡,1室1厅1卫,和平街西苑,东        ,朝阳,整租·和平街西苑1室1厅东,和平里,5300
低楼层（18层）,51㎡,1室1厅1卫,莱圳家园,东南        ,海淀,整租·莱圳家园1室1厅东南,清河,6000
高楼层（6层）,44㎡,1室1厅1卫,八角南里,南 北        ,石景山,整租·八角南里1室1厅南/北,八角,3800
低楼层（6层）,42㎡,1室1厅1卫,松榆里,南        ,朝阳,整租·松榆里1室1厅南,潘家园,4700
高楼层（6层）,51㎡,1室1厅1卫,酒仙桥一街坊,南 北        ,朝阳,整租·酒仙桥一街坊1室1厅南/北,酒仙桥,5100
低楼层（7层）,53㎡,2房间1卫,金隅自由筑,西        ,通州,整租·金隅自由筑2房间西,临河里,2400
低楼层（21层）,35㎡,1房间1卫,公园两栋,北        ,昌平,整租·公园两栋1房间北,天通苑,3600
高楼层（18层）,64㎡,1室1厅1卫,润生园,西北        ,海淀,整租·润生园1室1厅西北,西三旗,4600
中楼层（6层）,50㎡,2室1厅1卫,北分厂,南 北        ,海淀,整租·北分厂2室1厅南/北,海淀北部新区,4500
中楼层（6层）,59㎡,2室1厅1卫,酒仙桥一街坊,南        ,朝阳,整租·酒仙桥一街坊2室1厅南,酒仙桥,5800
中楼层（18层）,40㎡,1室1厅1卫,丰开苑,东南        ,丰台,整租·丰开苑1室1厅东南,马家堡,4300
高楼层（6层）,83㎡,3室1厅1卫,三间房南里4号院,南 北        ,朝阳,整租·三间房南里4号院3室1厅南/北,定福庄,5500
高楼层（14层）,94㎡,2室1厅1卫,合生世界村,南        ,通州,整租·合生世界村2室1厅南,马驹桥,3600
低楼层（20层）,47㎡,1室1厅1卫,松榆西里,西        ,朝阳,整租·松榆西里1室1厅西,潘家园,4700
高楼层（6层）,60㎡,2室1厅1卫,清源西里,南 北        ,大兴,整租·清源西里2室1厅南/北,枣园,3400
中楼层（6层）,53㎡,1室1厅1卫,晓月苑二里,南 北        ,丰台,整租·晓月苑二里1室1厅南/北,卢沟桥,3200
高楼层（5层）,47㎡,1室0厅1卫,天恒乐活城,南        ,房山,整租·天恒乐活城1室0厅南,阎村,2200
低楼层（15层）,47㎡,1房间1卫,首开熙悦睿府书香,南        ,房山,整租·首开熙悦睿府书香1房间南,良乡,2400
低楼层（1层）,15㎡,1室0厅0卫,灵光东巷,南 北        ,东城,整租·灵光东巷1室0厅南/北,安定门,3300
低楼层（6层）,40㎡,1室1厅1卫,石油大院,南        ,海淀,整租·石油大院1室1厅南,二里庄,5900
中楼层（5层）,44㎡,2室1厅1卫,南水关,南        ,东城,整租·南水关2室1厅南,广渠门,5800
中楼层（6层）,42㎡,1室1厅1卫,青年湖东里,南        ,东城,整租·青年湖东里1室1厅南,安定门,6100
中楼层（6层）,46㎡,2室1厅1卫,延静里中街,南 北        ,朝阳,整租·延静里中街2室1厅南/北,红庙,5600
中楼层（20层）,100㎡,2室1厅1卫,仁和花园一区,南 北        ,顺义,整租·仁和花园一区2室1厅南/北,顺义城,3200
高楼层（6层）,45㎡,1室1厅1卫,四平园,南 北        ,西城,整租·四平园1室1厅南/北,陶然亭,5500
高楼层（6层）,48㎡,1室1厅1卫,平乐园小区,南        ,朝阳,整租·平乐园小区1室1厅南,北工大,4700
高楼层（6层）,51㎡,2室1厅1卫,里仁街6号院,南        ,西城,整租·里仁街6号院2室1厅南,右安门内,5500
中楼层（11层）,42㎡,1室0厅1卫,巴克摩界,北        ,通州,整租·巴克摩界1室0厅北,果园,3400
高楼层（21层）,85㎡,3室1厅1卫,北街家园六区,南        ,昌平,整租·北街家园六区3室1厅南,沙河,3800
中楼层（26层）,49㎡,1室0厅1卫,远见国际公寓,西        ,西城,整租·远见国际公寓1室0厅西,广安门,5400
中楼层（6层）,59㎡,2室1厅1卫,八里庄北里小区,南 北        ,朝阳,整租·八里庄北里小区2室1厅南/北,石佛营,6100
中楼层（28层）,57㎡,1室0厅1卫,长安新城一区,北        ,丰台,整租·长安新城一区1室0厅北,青塔,4500
高楼层（6层）,74㎡,3室1厅1卫,潞苑南大街88号院,南 北        ,通州,整租·潞苑南大街88号院3室1厅南/北,潞苑,3600
高楼层（4层）,63㎡,2室1厅1卫,新西广街,南 北        ,昌平,整租·新西广街2室1厅南/北,南口,2200
中楼层（6层）,54㎡,2室1厅1卫,南开西里,南 北        ,丰台,整租·南开西里2室1厅南/北,看丹桥,4000
高楼层（6层）,59㎡,2室1厅1卫,清乐园,南        ,大兴,整租·清乐园2室1厅南,旧宫,3200
低楼层（25层）,84㎡,2室1厅1卫,沸城,南 西        ,丰台,整租·沸城2室1厅南/西,卢沟桥,4600
高楼层（7层）,57㎡,2室1厅1卫,民旺园十九号院,南        ,东城,整租·民旺园十九号院2室1厅南,和平里,5200
低楼层（18层）,75㎡,2室1厅1卫,米拉小镇,西南        ,亦庄开发区,整租·米拉小镇2室1厅西南,马驹桥,4000
低楼层（30层）,62㎡,1室1厅1卫,京贸国际城西区,东        ,通州,整租·京贸国际城西区1室1厅东,武夷花园,3400
低楼层（25层）,42㎡,1室1厅1卫,向军南里,南        ,朝阳,整租·向军南里1室1厅南,东大桥,6100
高楼层（16层）,51㎡,1室1厅1卫,定慧西里,东南        ,海淀,整租·定慧西里1室1厅东南,定慧寺,5300
高楼层（6层）,86㎡,2室1厅1卫,荔景园,南 北        ,通州,整租·荔景园2室1厅南/北,武夷花园,3500
中楼层（27层）,63㎡,1室1厅1卫,弘善家园,南        ,朝阳,整租·弘善家园1室1厅南,潘家园,5800
中楼层（6层）,104㎡,3室1厅1卫,疃里新村,南 北        ,通州,整租·疃里新村3室1厅南/北,潞苑,3300
高楼层（6层）,34㎡,1室1厅1卫,云龙家园,南        ,大兴,整租·云龙家园1室1厅南,旧宫,3100
高楼层（6层）,56㎡,2室1厅1卫,后南仓,南 北        ,通州,整租·后南仓2室1厅南/北,万达,3600
高楼层（6层）,57㎡,3室1厅1卫,八角北路,南 北        ,石景山,整租·八角北路3室1厅南/北,八角,4200
中楼层（6层）,60㎡,2室1厅1卫,万源南里,东 西        ,丰台,整租·万源南里2室1厅东/西,旧宫,3600
中楼层（23层）,34㎡,1室0厅1卫,逸秀名园,北        ,通州,整租·逸秀名园1室0厅北,万达,3200
低楼层（24层）,42㎡,1室0厅1卫,明月嘉园,北        ,丰台,整租·明月嘉园1室0厅北,马家堡,4500
高楼层（15层）,40㎡,1室0厅1卫,万年花城新回迁,南        ,丰台,整租·万年花城新回迁1室0厅南,玉泉营,4000
高楼层（7层）,58㎡,2室1厅1卫,梅源里小区,南 北        ,丰台,整租·梅源里小区2室1厅南/北,旧宫,3500
中楼层（6层）,75㎡,2室2厅1卫,西环里,南 北        ,昌平,整租·西环里2室2厅南/北,西关环岛,2900
低楼层（5层）,65㎡,2室1厅1卫,温泉花园A区,南 北        ,昌平,整租·温泉花园A区2室1厅南/北,北七家,2999
低楼层（15层）,56㎡,2室1厅1卫,珠江逸景,东北        ,通州,整租·珠江逸景2室1厅东北,马驹桥,2800
高楼层（6层）,51㎡,1室1厅1卫,华威西里,北        ,朝阳,整租·华威西里1室1厅北,潘家园,6000
高楼层（6层）,57㎡,2室1厅1卫,万源东里,南        ,丰台,整租·万源东里2室1厅南,旧宫,3800
低楼层（6层）,43㎡,1室1厅1卫,永乐东区,南        ,石景山,整租·永乐东区1室1厅南,鲁谷,3800
高楼层（7层）,90㎡,2室1厅1卫,樱花园一区,南 北        ,顺义,整租·樱花园一区2室1厅南/北,李桥,3200
中楼层（7层）,58㎡,1室1厅1卫,建西苑南里,南        ,海淀,整租·建西苑南里1室1厅南,杨庄,4200
中楼层（6层）,44㎡,1室1厅1卫,五芳园,东        ,石景山,整租·五芳园1室1厅东,鲁谷,3700
低楼层（11层）,64㎡,2室1厅1卫,龙鼎园,南 北        ,通州,整租·龙鼎园2室1厅南/北,九棵树(家乐福),3500
高楼层（28层）,35㎡,1室0厅1卫,炫特嘉园一期,东        ,朝阳,整租·炫特嘉园一期1室0厅东,石佛营,5200
低楼层（12层）,43㎡,1室0厅1卫,新华联家园北区,北        ,通州,整租·新华联家园北区1室0厅北,果园,3600
低楼层（27层）,51㎡,1室1厅1卫,北京新天地五期,西南        ,朝阳,整租·北京新天地五期1室1厅西南,常营,5300
低楼层（4层）,27㎡,1室1厅1卫,科育小区,东        ,海淀,整租·科育小区1室1厅东,中关村,6000
高楼层（7层）,38㎡,1室0厅1卫,兴隆都市馨园,南        ,东城,整租·兴隆都市馨园1室0厅南,崇文门,6100
中楼层（6层）,92㎡,2室1厅1卫,华美橡树岭,南 北        ,朝阳,整租·华美橡树岭2室1厅南/北,双桥,5800
高楼层（6层）,57㎡,2室1厅1卫,定福庄西里2号院,东        ,朝阳,整租·定福庄西里2号院2室1厅东,定福庄,5300
高楼层（6层）,66㎡,1室1厅1卫,馨港庄园三区,南        ,顺义,整租·馨港庄园三区1室1厅南,李桥,2700
低楼层（6层）,39㎡,1室0厅1卫,新悦家园,南        ,昌平,整租·新悦家园1室0厅南,鼓楼大街,3000
高楼层（15层）,93㎡,2室1厅2卫,珠江逸景,东南        ,通州,整租·珠江逸景2室1厅东南,马驹桥,3600
高楼层（14层）,55㎡,2房间1卫,合生世界花园,北        ,通州,整租·合生世界花园2房间北,马驹桥,2600
中楼层（29层）,59㎡,1室1厅1卫,京贸国际城东区,南        ,通州,整租·京贸国际城东区1室1厅南,武夷花园,3300
高楼层（6层）,76㎡,2室1厅1卫,郝庄家园东区,南 北        ,昌平,整租·郝庄家园东区2室1厅南/北,西关环岛,2800
中楼层（5层）,60㎡,2室1厅1卫,扬州水乡,南 北        ,朝阳,整租·扬州水乡2室1厅南/北,豆各庄,4000
低楼层（22层）,53㎡,1室1厅1卫,青春无限,东        ,西城,整租·青春无限1室1厅东,牛街,6000
高楼层（6层）,68㎡,2室1厅1卫,观音寺南里,南 北        ,大兴,整租·观音寺南里2室1厅南/北,观音寺,3000
高楼层（7层）,47㎡,1房间1卫,朝北8080,南        ,通州,整租·朝北80801房间南,北关,3500
中楼层（5层）,50㎡,2室1厅1卫,燕山水泥厂,南        ,石景山,整租·燕山水泥厂2室1厅南,石景山其它,2800
中楼层（6层）,50㎡,1室1厅1卫,北城根小区,南        ,昌平,整租·北城根小区1室1厅南,鼓楼大街,2500
低楼层（6层）,37㎡,1室1厅1卫,刘家窑北里,南        ,丰台,整租·刘家窑北里1室1厅南,蒲黄榆,4000
中楼层（6层）,59㎡,2室1厅1卫,甘露园南里,南 北        ,朝阳,整租·甘露园南里2室1厅南/北,甘露园,6000
低楼层（9层）,65㎡,1室1厅1卫,大牛坊四期,东 西        ,海淀,整租·大牛坊四期1室1厅东/西,海淀北部新区,4200
高楼层（6层）,76㎡,2室1厅1卫,双河南里,南 北        ,大兴,整租·双河南里2室1厅南/北,观音寺,2900
高楼层（6层）,56㎡,2室1厅1卫,永泰庄甲6号院,南 北        ,海淀,整租·永泰庄甲6号院2室1厅南/北,清河,5600
高楼层（6层）,65㎡,1室1厅1卫,仓上小区,南 北        ,顺义,整租·仓上小区1室1厅南/北,顺义城,2700
低楼层（16层）,43㎡,1室1厅1卫,六铺炕,西        ,东城,整租·六铺炕1室1厅西,安定门,6000
中楼层（6层）,55㎡,2室1厅1卫,酒仙桥三街坊,南 北        ,朝阳,整租·酒仙桥三街坊2室1厅南/北,酒仙桥,5500
高楼层（6层）,51㎡,2室1厅1卫,马连道北街,南        ,西城,整租·马连道北街2室1厅南,马连道,5000
中楼层（6层）,42㎡,1室1厅1卫,广安门外大街,南        ,西城,整租·广安门外大街1室1厅南,广安门,4500
高楼层（12层）,35㎡,1室0厅1卫,绿景苑,南        ,东城,整租·绿景苑1室0厅南,广渠门,5200
中楼层（16层）,88㎡,2室1厅1卫,恒华安纳湖,南        ,顺义,整租·恒华安纳湖2室1厅南,马坡,3200
低楼层（17层）,38㎡,3房间2卫,首开万科城市之光,东南        ,通州,整租·首开万科城市之光3房间东南,通州其它,3200
高楼层（21层）,85㎡,2室1厅1卫,金隅景和园,南        ,朝阳,整租·金隅景和园2室1厅南,东坝,5500
高楼层（6层）,62㎡,2室1厅1卫,青塔秀园,南 北        ,丰台,整租·青塔秀园2室1厅南/北,青塔,4500
高楼层（15层）,77㎡,2室1厅1卫,惠通新苑,南        ,门头沟,整租·惠通新苑2室1厅南,门头沟其它,2300
低楼层（19层）,76㎡,2室1厅1卫,育新花园,南        ,海淀,整租·育新花园2室1厅南,西三旗,5500
低楼层（4层）,48㎡,1室1厅1卫,南沙滩小区,西南        ,朝阳,整租·南沙滩小区1室1厅西南,南沙滩,5500
高楼层（5层）,45㎡,1室1厅1卫,聪慧里,南 北        ,房山,整租·聪慧里1室1厅南/北,良乡,2300
低楼层（15层）,57㎡,1室1厅1卫,御园小区,南 北        ,大兴,整租·御园小区1室1厅南/北,天宫院南,2500
高楼层（6层）,59㎡,2室1厅1卫,白菜湾社区,南 北        ,西城,整租·白菜湾社区2室1厅南/北,天宁寺,5200
低楼层（6层）,45㎡,1室1厅1卫,依翠园,南        ,石景山,整租·依翠园1室1厅南,鲁谷,3800
低楼层（15层）,46㎡,2房间1卫,炫立方,西        ,顺义,整租·炫立方2房间复式西,顺义其它,2900
低楼层（6层）,43㎡,2室1厅1卫,五里店南里,东        ,丰台,整租·五里店南里2室1厅东,五里店,3400
高楼层（10层）,47㎡,1室1厅1卫,柳岸方园,北        ,通州,整租·柳岸方园1室1厅北,玉桥,3100
地下室（6层）,53㎡,1室1厅1卫,小南庄社区,南 北        ,海淀,整租·小南庄社区1室1厅南/北,苏州桥,5200
中楼层（11层）,43㎡,1室0厅1卫,巴克摩界,东        ,通州,整租·巴克摩界1室0厅东,果园,3300
低楼层（6层）,61㎡,2室1厅1卫,玉桥北里,南 北        ,通州,整租·玉桥北里2室1厅南/北,乔庄,3000
低楼层（17层）,38㎡,1室0厅1卫,北街家园八区,东        ,昌平,整租·北街家园八区1室0厅东,沙河,2700
高楼层（15层）,54㎡,1室1厅1卫,和悦居6号院,南        ,顺义,整租·和悦居6号院1室1厅南,顺义其它,3000
高楼层（6层）,59㎡,2室1厅1卫,大山子南里,东南 西北        ,朝阳,整租·大山子南里2室1厅东南/西北,酒仙桥,6000
高楼层（6层）,59㎡,2室1厅1卫,模式口南里,南        ,石景山,整租·模式口南里2室1厅南,苹果园,4200
高楼层（16层）,40㎡,1室1厅1卫,西便门西里,东        ,西城,整租·西便门西里1室1厅东,木樨地,5500
地下室（6层）,60㎡,2室1厅1卫,骚子营,南        ,海淀,整租·骚子营2室1厅南,颐和园,5000
低楼层（6层）,45㎡,1室1厅1卫,安慧北里小区,南        ,朝阳,整租·安慧北里小区1室1厅南,亚运村,6000
高楼层（5层）,53㎡,1室1厅1卫,富卓苑,东        ,丰台,整租·富卓苑1室1厅东,马家堡,4400
高楼层（5层）,69㎡,1室1厅1卫,溪山嘉园,南        ,海淀,整租·溪山嘉园1室1厅南,西山,4800
高楼层（6层）,81㎡,2室1厅1卫,瑞祥里,南 北        ,朝阳,整租·瑞祥里2室1厅南/北,管庄,5000
中楼层（16层）,48㎡,1室1厅1卫,秀水园,东南        ,朝阳,整租·秀水园1室1厅东南,甜水园,5800
高楼层（5层）,60㎡,3室1厅1卫,毛纺厂南小区,南 北        ,海淀,整租·毛纺厂南小区3室1厅南/北,清河,5800
高楼层（6层）,47㎡,1室1厅1卫,团河苑,南        ,大兴,整租·团河苑1室1厅南,大兴其它,2500
高楼层（5层）,56㎡,2室1厅1卫,卢沟桥北里,南 北        ,丰台,整租·卢沟桥北里2室1厅南/北,卢沟桥,3400
高楼层（6层）,41㎡,1室1厅1卫,月坛南街小四道口,西        ,西城,整租·月坛南街小四道口1室1厅西,月坛,5500
高楼层（6层）,82㎡,2室1厅1卫,乔庄北街279号院,南 北        ,通州,整租·乔庄北街279号院2室1厅南/北,乔庄,3500
高楼层（18层）,50㎡,1室1厅1卫,永乐东区,东        ,石景山,整租·永乐东区1室1厅东,鲁谷,4300
高楼层（6层）,57㎡,2室1厅1卫,芳园里,东南        ,朝阳,整租·芳园里2室1厅东南,酒仙桥,5700
中楼层（20层）,52㎡,1室0厅1卫,后现代城A区,北        ,朝阳,整租·后现代城A区1室0厅北,大望路,5800
中楼层（6层）,75㎡,2室1厅1卫,建业苑,南 北        ,朝阳,整租·建业苑2室1厅南/北,劲松,6000
高楼层（6层）,48㎡,1室1厅1卫,槐柏树街北里,西        ,西城,整租·槐柏树街北里1室1厅西,长椿街,5200
高楼层（5层）,56㎡,2室1厅1卫,十万坪,东 西        ,石景山,整租·十万坪2室1厅东/西,古城,3800
高楼层（6层）,46㎡,2室0厅1卫,八角南路,东 东南        ,石景山,整租·八角南路2室0厅东/东南,八角,4200
低楼层（6层）,58㎡,2室1厅1卫,南平里,南 北        ,朝阳,整租·南平里2室1厅南/北,首都机场,3600
高楼层（6层）,68㎡,2室1厅1卫,兴政西里,南 北        ,大兴,整租·兴政西里2室1厅南/北,黄村中,3400
中楼层（5层）,38㎡,1室1厅1卫,东柳西里,南        ,朝阳,整租·东柳西里1室1厅南,双桥,3600
低楼层（6层）,55㎡,2室1厅1卫,车站北里,南 北        ,大兴,整租·车站北里2室1厅南/北,黄村火车站,3400
高楼层（6层）,42㎡,1室1厅1卫,塔院小区,南        ,海淀,整租·塔院小区1室1厅南,牡丹园,5800
中楼层（6层）,69㎡,2室1厅1卫,冠雅苑,南 北        ,昌平,整租·冠雅苑2室1厅南/北,北七家,3200
中楼层（9层）,66㎡,2室1厅2卫,卡法国际,南        ,顺义,整租·卡法国际2室1厅南,顺义其它,3300
中楼层（7层）,77㎡,2室1厅1卫,京科苑,南 北        ,昌平,整租·京科苑2室1厅南/北,东关,3100
低楼层（18层）,42㎡,1室1厅1卫,政怡家园,北        ,丰台,整租·政怡家园1室1厅北,宋家庄,4500
高楼层（6层）,64㎡,2室1厅1卫,北平里,南 北        ,朝阳,整租·北平里2室1厅南/北,首都机场,3500
高楼层（9层）,71㎡,1室1厅1卫,芳清园,西        ,海淀,整租·芳清园1室1厅西,清河,5800
低楼层（6层）,56㎡,2室1厅1卫,松榆东里,东        ,朝阳,整租·松榆东里2室1厅东,北工大,6000
地下室（6层）,78㎡,2室1厅1卫,滨河路87号院,南 北        ,门头沟,整租·滨河路87号院2室1厅南/北,城子,2400
中楼层（6层）,48㎡,1室1厅1卫,云景西里南区,南        ,通州,整租·云景西里南区1室1厅南,梨园,3200
高楼层（6层）,60㎡,2室1厅1卫,垡头北里,南        ,朝阳,整租·垡头北里2室1厅南,垡头,5000
高楼层（6层）,47㎡,1室1厅1卫,皇姑坟小区,南        ,朝阳,整租·皇姑坟小区1室1厅南,安贞,5500
高楼层（12层）,44㎡,1室1厅1卫,十里堡东里,南 北        ,朝阳,整租·十里堡东里1室1厅南/北,十里堡,4700
低楼层（6层）,45㎡,1室0厅1卫,馨港庄园二区,西 北        ,顺义,整租·馨港庄园二区1室0厅西/北,李桥,2200
中楼层（5层）,56㎡,2室1厅1卫,昊天大街17号院,南 北        ,房山,整租·昊天大街17号院2室1厅南/北,良乡,2200
中楼层（6层）,47㎡,1室1厅1卫,法华南里,西        ,东城,整租·法华南里1室1厅西,崇文门,5200
中楼层（6层）,57㎡,2室1厅1卫,沙顺路87号院,南 北        ,昌平,整租·沙顺路87号院2室1厅南/北,昌平其它,2500
高楼层（6层）,121㎡,2室1厅2卫,蓬莱公寓西区,东南        ,昌平,整租·蓬莱公寓西区2室1厅东南,北七家,3600
中楼层（6层）,53㎡,1室1厅1卫,西宏苑,南        ,丰台,整租·西宏苑1室1厅南,西红门,3100
中楼层（12层）,65㎡,2房间1卫,珠江四季悦城,西        ,通州,整租·珠江四季悦城2房间西,通州其它,3500
低楼层（11层）,48㎡,1室0厅1卫,佳和宜园,南        ,顺义,整租·佳和宜园1室0厅南,马坡,2300
高楼层（6层）,59㎡,2室1厅1卫,田村48号院,南 北        ,海淀,整租·田村48号院2室1厅南/北,田村,5400
中楼层（6层）,70㎡,2室2厅1卫,康乐园,南 北        ,大兴,整租·康乐园2室2厅南/北,旧宫,3400
低楼层（29层）,46㎡,1室1厅1卫,10AM新坐标,南        ,朝阳,整租·10AM新坐标1室1厅南,方庄,5300
高楼层（6层）,60㎡,2室1厅1卫,卢沟桥南里,南 北        ,丰台,整租·卢沟桥南里2室1厅南/北,卢沟桥,3500
高楼层（6层）,62㎡,2室1厅1卫,十里堡北区,东 西        ,朝阳,整租·十里堡北区2室1厅东/西,石佛营,5800
中楼层（9层）,51㎡,1室1厅1卫,景泰东里,西        ,东城,整租·景泰东里1室1厅西,蒲黄榆,5000
高楼层（5层）,56㎡,2室1厅1卫,七棵树西大街,南 北        ,门头沟,整租·七棵树西大街2室1厅南/北,城子,2000
中楼层（6层）,46㎡,1室1厅1卫,左家庄北里,南        ,朝阳,整租·左家庄北里1室1厅南,国展,5500
低楼层（6层）,90㎡,2室2厅2卫,名佳花园四区,南 北        ,昌平,整租·名佳花园四区2室2厅南/北,北七家,3800
高楼层（6层）,95㎡,2室2厅1卫,定福庄西街,南 北        ,朝阳,整租·定福庄西街2室2厅南/北,定福庄,5800
高楼层（6层）,56㎡,2室1厅1卫,东山坡一里,南 北        ,丰台,整租·东山坡一里2室1厅南/北,丰台其它,2700
高楼层（6层）,60㎡,2室1厅1卫,八角北里,南        ,石景山,整租·八角北里2室1厅南,八角,4200
中楼层（12层）,58㎡,2室1厅1卫,京艺天朗,南        ,通州,整租·京艺天朗2室1厅南,玉桥,3400
高楼层（6层）,46㎡,2室0厅1卫,云景西里南区,北        ,通州,整租·云景西里南区2室0厅北,梨园,3000
低楼层（15层）,60㎡,1房间1卫,锋创科技园,西北 东北        ,亦庄开发区,整租·锋创科技园1房间西北/东北,亦庄,3600
高楼层（6层）,30㎡,2房间2卫,西山国际城,西        ,海淀,整租·西山国际城2房间西,田村,4750
高楼层（25层）,41㎡,1室0厅1卫,炫特嘉园三期,北        ,朝阳,整租·炫特嘉园三期1室0厅北,石佛营,5200
低楼层（18层）,82㎡,2室1厅1卫,广安﹒康馨家园,南 北        ,丰台,整租·广安﹒康馨家园2室1厅南/北,青塔,4700
中楼层（6层）,61㎡,2室1厅1卫,玉海园二里,南 北        ,海淀,整租·玉海园二里2室1厅南/北,玉泉路,6000
中楼层（6层）,63㎡,2室1厅1卫,南平里,西南 北        ,朝阳,整租·南平里2室1厅西南/北,首都机场,5800
中楼层（7层）,75㎡,2室1厅1卫,名流花园,南 北        ,昌平,整租·名流花园2室1厅南/北,北七家,3800
高楼层（6层）,53㎡,1室1厅1卫,玉桥北里,东 西        ,通州,整租·玉桥北里1室1厅东/西,乔庄,2900
低楼层（12层）,38㎡,1室0厅1卫,亦庄北岸,东        ,大兴,整租·亦庄北岸1室0厅东,旧宫,3400
高楼层（16层）,49㎡,1室0厅1卫,加州水郡金桥国际酒店,南        ,房山,整租·加州水郡金桥国际酒店1室0厅南,长阳,2200
中楼层（6层）,50㎡,2室1厅1卫,西井小区一区,东 西        ,石景山,整租·西井小区一区2室1厅东/西,苹果园,4200
高楼层（7层）,63㎡,1室1厅1卫,第二福利院家属楼,南        ,昌平,整租·第二福利院家属楼1室1厅南,北七家,3100
中楼层（6层）,70㎡,2室1厅1卫,温泉北里,南 北        ,朝阳,整租·温泉北里2室1厅南/北,双桥,4200
中楼层（4层）,43㎡,1室1厅1卫,公安大学,南        ,西城,整租·公安大学1室1厅南,木樨地,6000
低楼层（18层）,26㎡,1室0厅1卫,北街家园六区,西        ,昌平,整租·北街家园六区1室0厅西,沙河,2300
中楼层（6层）,71㎡,2室1厅1卫,模式口中里,东 西        ,石景山,整租·模式口中里2室1厅东/西,苹果园,4100
中楼层（6层）,66㎡,2室1厅1卫,林校中里,南 北        ,大兴,整租·林校中里2室1厅南/北,黄村火车站,3200
低楼层（24层）,33㎡,1室1厅1卫,玺萌丽苑,北        ,丰台,整租·玺萌丽苑1室1厅北,草桥,4100
中楼层（6层）,49㎡,1室1厅2卫,卡法国际,东        ,顺义,整租·卡法国际1室1厅东,顺义其它,2700
高楼层（5层）,53㎡,2室1厅1卫,劲松二区,南        ,朝阳,整租·劲松二区2室1厅南,劲松,6000
低楼层（6层）,39㎡,1室1厅1卫,胡家园小区,南        ,东城,整租·胡家园小区1室1厅南,东直门,6000
中楼层（6层）,58㎡,1室0厅1卫,翠海明苑,南 北        ,丰台,整租·翠海明苑1室0厅南/北,新宫,3900
高楼层（4层）,78㎡,2室1厅1卫,武圣东里,南 北        ,朝阳,整租·武圣东里2室1厅南/北,劲松,6100
中楼层（5层）,64㎡,2室1厅1卫,景泰东里,南 北        ,东城,整租·景泰东里2室1厅南/北,蒲黄榆,5800
中楼层（18层）,50㎡,1室1厅1卫,玉林里小区,南        ,丰台,整租·玉林里小区1室1厅南,右安门外,3800
高楼层（6层）,57㎡,1室1厅1卫,新海北里,南        ,亦庄开发区,整租·新海北里1室1厅南,马驹桥,2900
中楼层（6层）,60㎡,3室0厅1卫,天坛西里东区,南        ,东城,整租·天坛西里东区3室0厅南,天坛,5500
高楼层（6层）,62㎡,2室1厅1卫,地铁楼,南 北        ,石景山,整租·地铁楼2室1厅南/北,杨庄,3800
高楼层（6层）,78㎡,2室1厅1卫,海子角南里,西        ,大兴,整租·海子角南里2室1厅西,观音寺,2800
高楼层（6层）,42㎡,1室1厅1卫,皂君东里,南        ,海淀,整租·皂君东里1室1厅南,皂君庙,5600
高楼层（6层）,41㎡,1室1厅1卫,樱花东街,东 西        ,朝阳,整租·樱花东街1室1厅东/西,惠新西街,5800
高楼层（7层）,76㎡,2室1厅1卫,梨花园,南 北        ,通州,整租·梨花园2室1厅南/北,梨园,3600
中楼层（7层）,46㎡,1室1厅1卫,呼家楼西里,西南        ,朝阳,整租·呼家楼西里1室1厅西南,红庙,5800
中楼层（18层）,52㎡,1室1厅1卫,怡馨家园,南        ,顺义,整租·怡馨家园1室1厅南,顺义城,3200
低楼层（4层）,49㎡,2室1厅1卫,管庄东里,南 北        ,朝阳,整租·管庄东里2室1厅南/北,管庄,4500
中楼层（24层）,62㎡,2室1厅1卫,新华街七里,东        ,丰台,整租·新华街七里2室1厅东,看丹桥,4600
高楼层（6层）,90㎡,2室1厅1卫,吕营嘉园C区,南 北        ,朝阳,整租·吕营嘉园C区2室1厅南/北,十里河,5500
高楼层（3层）,67㎡,3室1厅1卫,双桥五号井,南 北        ,朝阳,整租·双桥五号井3室1厅南/北,双桥,3400
高楼层（6层）,47㎡,1室1厅1卫,洋桥西里,南        ,丰台,整租·洋桥西里1室1厅南,洋桥,3900
高楼层（6层）,58㎡,2室1厅1卫,杨庄小区,南        ,石景山,整租·杨庄小区2室1厅南,杨庄,4200
中楼层（6层）,70㎡,2室1厅1卫,管庄西里,南 北        ,朝阳,整租·管庄西里2室1厅南/北,管庄,5200
中楼层（7层）,72㎡,2室1厅1卫,福怡苑,南 北        ,朝阳,整租·福怡苑2室1厅南/北,定福庄,5000
高楼层（8层）,49㎡,1室1厅1卫,保利西山林语,西北        ,海淀,整租·保利西山林语1室1厅西北,海淀北部新区,4500
低楼层（18层）,60㎡,1室1厅1卫,博客园,西        ,通州,整租·博客园1室1厅西,乔庄,3500
高楼层（16层）,71㎡,2室1厅1卫,建予园,东南        ,东城,整租·建予园2室1厅东南,永定门,6200
高楼层（5层）,56㎡,2室1厅1卫,林校北里,南 北        ,大兴,整租·林校北里2室1厅南/北,黄村火车站,3500
高楼层（6层）,69㎡,2室1厅1卫,清源东里,南 北        ,大兴,整租·清源东里2室1厅南/北,枣园,3300
高楼层（5层）,59㎡,2室1厅1卫,燕翔东里,南        ,朝阳,整租·燕翔东里2室1厅南,首都机场,4000
高楼层（14层）,38㎡,2房间1卫,旭辉E天地,南        ,房山,整租·旭辉E天地2房间跃层南,良乡,2700
高楼层（18层）,50㎡,1室1厅1卫,朝丰家园,南        ,朝阳,整租·朝丰家园1室1厅南,豆各庄,3700
中楼层（10层）,55㎡,1室1厅1卫,芳怡园,东 西        ,海淀,整租·芳怡园1室1厅东/西,西北旺,5300
高楼层（21层）,48㎡,1室0厅1卫,中国铁建国际城,南        ,朝阳,整租·中国铁建国际城1室0厅南,北苑,6000
高楼层（5层）,55㎡,2室1厅1卫,潘家园南里,东南        ,朝阳,整租·潘家园南里2室1厅东南,潘家园,5800
中楼层（6层）,69㎡,2室1厅1卫,南太平庄北巷,南 北        ,朝阳,整租·南太平庄北巷2室1厅南/北,高碑店,5500
中楼层（6层）,41㎡,1室1厅1卫,展春园,南 北        ,海淀,整租·展春园1室1厅南/北,五道口,5800
中楼层（6层）,58㎡,2室1厅1卫,石佛营西里小区,南 北        ,朝阳,整租·石佛营西里小区2室1厅南/北,石佛营,6000
中楼层（11层）,68㎡,1室1厅1卫,柏林爱乐四期,东 西        ,朝阳,整租·柏林爱乐四期1室1厅东/西,常营,6000
低楼层（7层）,43㎡,1室1厅1卫,林萃路10号院,南        ,朝阳,整租·林萃路10号院1室1厅南,奥林匹克公园,5600
中楼层（5层）,37㎡,2室0厅1卫,八角路小区,南 北        ,石景山,整租·八角路小区2室0厅南/北,八角,3200
低楼层（6层）,38㎡,1室1厅1卫,胜古北里,南 北        ,朝阳,整租·胜古北里1室1厅南/北,惠新西街,5900
高楼层（6层）,31㎡,1室1厅1卫,交道口北二条35号院,北        ,东城,整租·交道口北二条35号院1室1厅北,交道口,6000
高楼层（6层）,72㎡,2室1厅1卫,建新南区,南 北        ,顺义,整租·建新南区2室1厅南/北,顺义城,3000
低楼层（5层）,89㎡,2室1厅1卫,兴政西里,南        ,大兴,整租·兴政西里2室1厅南,黄村中,3450
中楼层（5层）,40㎡,2室1厅1卫,古城特钢楼,东 西        ,石景山,整租·古城特钢楼2室1厅东/西,古城,3500
高楼层（6层）,58㎡,2室1厅1卫,金星小区,南 北        ,朝阳,整租·金星小区2室1厅南/北,定福庄,4900
中楼层（4层）,95㎡,3室0厅1卫,第二监狱宿舍,南 北        ,朝阳,整租·第二监狱宿舍3室0厅南/北,豆各庄,4800
高楼层（6层）,60㎡,2室1厅1卫,北环路小区,南 北        ,昌平,整租·北环路小区2室1厅南/北,鼓楼大街,3000
高楼层（21层）,45㎡,1室0厅1卫,晓月家园,南        ,丰台,整租·晓月家园1室0厅南,卢沟桥,3000
中楼层（6层）,50㎡,1室0厅1卫,宜兰园,南        ,丰台,整租·宜兰园1室0厅南,花乡,3800
中楼层（10层）,60㎡,2室1厅1卫,景泰西里西区,南        ,东城,整租·景泰西里西区2室1厅南,永定门,5700
低楼层（6层）,45㎡,1室1厅1卫,依翠园,西        ,石景山,整租·依翠园1室1厅西,鲁谷,4000
低楼层（6层）,39㎡,1室1厅1卫,北三环东路11号院,南        ,朝阳,整租·北三环东路11号院1室1厅南,芍药居,5500
高楼层（6层）,31㎡,2室1厅1卫,云龙家园,南 北        ,大兴,整租·云龙家园2室1厅南/北,旧宫,3300
中楼层（6层）,62㎡,2室1厅1卫,南平里,南 北        ,朝阳,整租·南平里2室1厅南/北,首都机场,3500
高楼层（4层）,26㎡,1房间1卫,南关路1号,西        ,昌平,整租·南关路1号1房间西,鼓楼大街,2000
中楼层（6层）,40㎡,1室1厅1卫,八角北路,南        ,石景山,整租·八角北路1室1厅南,八角,3800
中楼层（7层）,81㎡,2室1厅1卫,樱花园一区,南 北        ,顺义,整租·樱花园一区2室1厅南/北,李桥,3300
低楼层（22层）,73㎡,2室1厅1卫,驼房营南里,南        ,朝阳,整租·驼房营南里2室1厅南,酒仙桥,5500
中楼层（28层）,56㎡,1室1厅1卫,小红门乡新村二期D区,南        ,朝阳,整租·小红门乡新村二期D区1室1厅南,十八里店,4400
高楼层（15层）,36㎡,1室1厅1卫,蓝郡国际花园,北        ,昌平,整租·蓝郡国际花园1室1厅北,西关环岛,2900
低楼层（6层）,37㎡,1室1厅1卫,报国寺东夹道1号东院,南        ,西城,整租·报国寺东夹道1号东院1室1厅南,长椿街,5200
高楼层（14层）,75㎡,2室1厅1卫,远洋一方润园6号院,东 西        ,朝阳,整租·远洋一方润园6号院2室1厅东/西,双桥,5200
高楼层（6层）,61㎡,2室1厅1卫,御路园,南 北        ,昌平,整租·御路园2室1厅南/北,西关环岛,3000
低楼层（6层）,65㎡,2室1厅1卫,南十里居,南 北        ,朝阳,整租·南十里居2室1厅南/北,朝阳公园,6000
中楼层（18层）,54㎡,1室1厅1卫,知本时代,北        ,海淀,整租·知本时代1室1厅北,西三旗,5100
高楼层（6层）,55㎡,2室1厅1卫,黄村西里,南        ,大兴,整租·黄村西里2室1厅南,黄村中,3200
低楼层（6层）,63㎡,2室1厅1卫,建材城西二里,东 西        ,海淀,整租·建材城西二里2室1厅东/西,西三旗,5000
高楼层（6层）,73㎡,2室2厅1卫,西潞苑小区,南 北        ,通州,整租·西潞苑小区2室2厅南/北,北关,3200
中楼层（32层）,71㎡,2室1厅1卫,新康园,西        ,海淀,整租·新康园2室1厅西,西三旗,5600
中楼层（6层）,59㎡,3室1厅1卫,三元街11号,南 北        ,东城,整租·三元街11号3室1厅南/北,陶然亭,5000
低楼层（29层）,52㎡,1室1厅1卫,首开畅心园,南        ,朝阳,整租·首开畅心园1室1厅南,常营,5500
高楼层（18层）,88㎡,2室2厅1卫,天恒乐活城,南        ,房山,整租·天恒乐活城2室2厅南,阎村,2500
低楼层（1层）,18㎡,1室1厅1卫,北兴胡同,南        ,西城,整租·北兴胡同1室1厅南,西四,5500
中楼层（16层）,68㎡,2室1厅1卫,阳光星苑,南        ,丰台,整租·阳光星苑2室1厅南,西红门,4300
中楼层（11层）,36㎡,1室0厅1卫,蓝星花园,西        ,顺义,整租·蓝星花园1室0厅西,后沙峪,3000
中楼层（6层）,66㎡,2室1厅1卫,南苑东路,南 北        ,丰台,整租·南苑东路2室1厅南/北,旧宫,3400
中楼层（17层）,54㎡,1室1厅1卫,小关北里24号院,南        ,朝阳,整租·小关北里24号院1室1厅南,惠新西街,5900
高楼层（5层）,57㎡,2室1厅1卫,首都机场南路西里,南 北        ,朝阳,整租·首都机场南路西里2室1厅南/北,首都机场,4400
低楼层（6层）,47㎡,2室1厅1卫,北大地四里,西北        ,丰台,整租·北大地四里2室1厅西北,北大地,3700
高楼层（6层）,37㎡,1室1厅1卫,文慧北园,南        ,海淀,整租·文慧北园1室1厅南,新街口,6000
高楼层（6层）,85㎡,2室1厅1卫,昌盛园二区,南 北        ,昌平,整租·昌盛园二区2室1厅南/北,东关,3300
高楼层（4层）,61㎡,1室1厅1卫,供电局家属楼,南 北        ,顺义,整租·供电局家属楼1室1厅南/北,顺义城,3200
中楼层（17层）,61㎡,2房间1卫,路劲世界城二期,南        ,昌平,整租·路劲世界城二期2房间南,南邵,3600
高楼层（6层）,75㎡,2室1厅1卫,京科苑,南 北        ,昌平,整租·京科苑2室1厅南/北,东关,3200
高楼层（14层）,50㎡,3房间1卫,硅谷SOHO,北        ,昌平,整租·硅谷SOHO3房间北,南邵,3300
中楼层（6层）,57㎡,1室1厅1卫,建新南区,南 北        ,顺义,整租·建新南区1室1厅南/北,顺义城,2900
高楼层（14层）,54㎡,1室2厅1卫,广渠门内大街,南        ,东城,整租·广渠门内大街1室2厅南,广渠门,5500
高楼层（18层）,77㎡,2室1厅1卫,润生园,东南        ,海淀,整租·润生园2室1厅东南,西三旗,6000
高楼层（11层）,52㎡,1室1厅1卫,澜西园四区,西        ,顺义,整租·澜西园四区1室1厅西,顺义其它,3000
高楼层（22层）,71㎡,2室1厅1卫,双合家园,东北        ,朝阳,整租·双合家园2室1厅东北,垡头,5100
高楼层（6层）,45㎡,1室1厅1卫,永泰西里,东        ,海淀,整租·永泰西里1室1厅东,清河,5000
高楼层（6层）,62㎡,2室1厅1卫,红莲中里,南        ,西城,整租·红莲中里2室1厅南,马连道,5200
中楼层（8层）,88㎡,2室1厅1卫,保利西山林语,南 西南        ,海淀,整租·保利西山林语2室1厅南/西南,海淀北部新区,5700
高楼层（6层）,71㎡,2室1厅1卫,模式口北里,南 北        ,石景山,整租·模式口北里2室1厅南/北,苹果园,4000
高楼层（18层）,46㎡,2室0厅1卫,定福庄西街,西南        ,朝阳,整租·定福庄西街2室0厅西南,定福庄,4100
中楼层（27层）,65㎡,2室1厅1卫,莲熙嘉园,南 北        ,海淀,整租·莲熙嘉园2室1厅南/北,公主坟,6000
高楼层（15层）,50㎡,1室1厅1卫,瑞雪春堂,南        ,房山,整租·瑞雪春堂1室1厅南,良乡,2500
高楼层（6层）,63㎡,2室1厅1卫,六建,南        ,海淀,整租·六建2室1厅南,五棵松,5600
中楼层（18层）,47㎡,1室1厅1卫,嘉园一里,南        ,丰台,整租·嘉园一里1室1厅南,马家堡,4500
中楼层（20层）,37㎡,1房间0卫,美立方,西北        ,朝阳,整租·美立方1房间西北,北苑,4800
高楼层（6层）,61㎡,1室1厅1卫,义宾南区,南 北        ,顺义,整租·义宾南区1室1厅南/北,顺义城,3000
高楼层（19层）,64㎡,2室1厅1卫,清秀园北区,西南        ,昌平,整租·清秀园北区2室1厅西南,东关,3900
低楼层（4层）,28㎡,1室0厅0卫,八角南路,南        ,石景山,整租·八角南路1室0厅南,八角,3200
高楼层（6层）,55㎡,2室1厅1卫,卫生局党校,南 北        ,海淀,整租·卫生局党校2室1厅南/北,海淀北部新区,4000
低楼层（27层）,36㎡,1房间1卫,荣京丽都,南        ,亦庄开发区,整租·荣京丽都1房间南,亦庄,3500
中楼层（36层）,92㎡,2室1厅1卫,京贸国际城西区,南        ,通州,整租·京贸国际城西区2室1厅南,武夷花园,3600
高楼层（6层）,41㎡,1室1厅1卫,西三环北路27号院,南        ,海淀,整租·西三环北路27号院1室1厅南,厂洼,6000
高楼层（6层）,58㎡,2室1厅1卫,革新里小区,南 北        ,东城,整租·革新里小区2室1厅南/北,永定门,5000
高楼层（4层）,41㎡,1室1厅1卫,南十里居10号院,南        ,朝阳,整租·南十里居10号院1室1厅南,酒仙桥,5100
高楼层（6层）,92㎡,2室1厅1卫,吕营嘉园C区,南 北        ,朝阳,整租·吕营嘉园C区2室1厅南/北,十里河,5200
低楼层（8层）,49㎡,1室1厅1卫,保利西山林语,南        ,海淀,整租·保利西山林语1室1厅南,海淀北部新区,4300
中楼层（6层）,52㎡,2室1厅1卫,韩庄子东里,东 西 北        ,丰台,整租·韩庄子东里2室1厅东/西/北,看丹桥,4500
高楼层（6层）,40㎡,1室1厅1卫,曙光西里,东南        ,朝阳,整租·曙光西里1室1厅东南,三元桥,5500
高楼层（6层）,62㎡,2室1厅1卫,现代生活,南 北        ,石景山,整租·现代生活2室1厅南/北,石景山其它,3000
中楼层（6层）,56㎡,2室1厅1卫,电建北院,南 北        ,朝阳,整租·电建北院2室1厅南/北,定福庄,4600
高楼层（16层）,57㎡,1室1厅1卫,福海棠华苑,南        ,丰台,整租·福海棠华苑1室1厅南,马家堡,4500
中楼层（6层）,49㎡,1室1厅1卫,燕城苑南区,南        ,昌平,整租·燕城苑南区1室1厅南,北七家,3100
中楼层（6层）,46㎡,1室1厅1卫,万福家园,南        ,通州,整租·万福家园1室1厅南,北关,3300
中楼层（3层）,19㎡,1房间1卫,华人一品阁,南        ,东城,整租·华人一品阁1房间南,东四,3600
高楼层（7层）,67㎡,1室1厅1卫,紫南家园,南 西北        ,朝阳,整租·紫南家园1室1厅南/西北,欢乐谷,5100
低楼层（10层）,51㎡,1室1厅1卫,芳怡园,南        ,海淀,整租·芳怡园1室1厅南,西北旺,5000
高楼层（6层）,78㎡,2室1厅1卫,小街之春,南 北        ,通州,整租·小街之春2室1厅南/北,临河里,3600
高楼层（19层）,55㎡,1室1厅1卫,西营房,西        ,东城,整租·西营房1室1厅西,安定门,6200
高楼层（6层）,60㎡,2室1厅1卫,北环路小区,南 北        ,昌平,整租·北环路小区2室1厅南/北,鼓楼大街,3100
中楼层（16层）,63㎡,2室1厅1卫,劲松八区,东北        ,朝阳,整租·劲松八区2室1厅东北,劲松,5800
低楼层（20层）,100㎡,2室1厅1卫,仁和花园一区,南 北        ,顺义,整租·仁和花园一区2室1厅南/北,顺义城,3000
高楼层（6层）,86㎡,2室1厅1卫,小西庄小区,南 北        ,房山,整租·小西庄小区2室1厅南/北,长阳,2600
中楼层（24层）,43㎡,1室1厅1卫,乐城,北        ,西城,整租·乐城1室1厅北,菜户营,4300
中楼层（16层）,45㎡,1室1厅1卫,古城南里,南        ,石景山,整租·古城南里1室1厅南,古城,3900
高楼层（5层）,62㎡,2室1厅1卫,葛布店北里,东 西        ,通州,整租·葛布店北里2室1厅东/西,果园,3300
高楼层（6层）,52㎡,2室1厅1卫,手帕口北街,南 北        ,西城,整租·手帕口北街2室1厅南/北,广安门,5600
高楼层（9层）,44㎡,1室0厅1卫,保利欣苑,北        ,丰台,整租·保利欣苑1室0厅北,七里庄,4600
高楼层（12层）,44㎡,1室0厅1卫,当代城市家园,南        ,海淀,整租·当代城市家园1室0厅南,上地,5300
高楼层（5层）,57㎡,2室1厅1卫,首都机场南路西里,南 北        ,朝阳,整租·首都机场南路西里2室1厅南/北,首都机场,3800
高楼层（12层）,58㎡,1室0厅1卫,当代城市家园,南        ,海淀,整租·当代城市家园1室0厅南,上地,5500
中楼层（16层）,42㎡,1室0厅1卫,上营新村,南        ,通州,整租·上营新村1室0厅南,武夷花园,3200
低楼层（19层）,65㎡,1室0厅1卫,尚东阁,南        ,朝阳,整租·尚东阁1室0厅南,管庄,4800
高楼层（6层）,46㎡,1室1厅1卫,建材城西二里,南        ,海淀,整租·建材城西二里1室1厅南,西三旗,4500
低楼层（6层）,34㎡,2房间1卫,西山国际城,南        ,海淀,整租·西山国际城2房间南,田村,4600
地下室（6层）,86㎡,2室1厅1卫,梅园甲,南 北        ,海淀,整租·梅园甲2室1厅南/北,马连洼,6000
高楼层（12层）,83㎡,2室1厅1卫,朝丰家园,南 北        ,朝阳,整租·朝丰家园2室1厅南/北,豆各庄,4500
高楼层（19层）,43㎡,1室1厅1卫,尚东阁,西        ,朝阳,整租·尚东阁1室1厅西,管庄,4200
高楼层（6层）,95㎡,2室2厅1卫,定福庄西街,南        ,朝阳,整租·定福庄西街2室2厅南,定福庄,6000
中楼层（6层）,86㎡,2室1厅1卫,菊源南里,南 北        ,丰台,整租·菊源南里2室1厅南/北,旧宫,3700
高楼层（7层）,42㎡,2室1厅1卫,黑山东街,南        ,门头沟,整租·黑山东街2室1厅南,大峪,2300
低楼层（1层）,18㎡,1室1厅1卫,东旺胡同,西        ,东城,整租·东旺胡同1室1厅西,交道口,3500
低楼层（28层）,55㎡,1室0厅1卫,华贸城,西南        ,朝阳,整租·华贸城1室0厅西南,北苑,6000
中楼层（6层）,58㎡,2室1厅1卫,古城环卫楼,南 北        ,石景山,整租·古城环卫楼2室1厅南/北,杨庄,4300
中楼层（18层）,67㎡,2室1厅1卫,八里庄北里小区,西南        ,朝阳,整租·八里庄北里小区2室1厅西南,石佛营,5800
中楼层（6层）,40㎡,1室1厅1卫,翠微南里,东 西        ,海淀,整租·翠微南里1室1厅东/西,公主坟,5200
高楼层（10层）,85㎡,2室1厅1卫,金色漫香郡北区,南        ,大兴,整租·金色漫香郡北区2室1厅南,大兴其它,3300
高楼层（6层）,72㎡,2室1厅1卫,西关北路,南 北        ,昌平,整租·西关北路2室1厅南/北,西关环岛,2600
低楼层（6层）,65㎡,3室1厅1卫,东高地,南 北        ,丰台,整租·东高地3室1厅南/北,和义,4200
低楼层（6层）,98㎡,2室2厅1卫,乔庄北街279号院,南 北        ,通州,整租·乔庄北街279号院2室2厅南/北,乔庄,3600
中楼层（20层）,42㎡,1室0厅0卫,中海御鑫阁,西南        ,丰台,整租·中海御鑫阁1室0厅西南,科技园区,4500
低楼层（6层）,50㎡,1室1厅1卫,万树园,北        ,海淀,整租·万树园1室1厅北,马连洼,5000
低楼层（21层）,89㎡,3室1厅1卫,龙冠冠华苑,南 北        ,昌平,整租·龙冠冠华苑3室1厅南/北,北七家,3800
高楼层（6层）,64㎡,2室1厅1卫,玉桥中路2号院,南 北        ,通州,整租·玉桥中路2号院2室1厅南/北,武夷花园,3500
中楼层（6层）,47㎡,1室1厅1卫,民旺园,南        ,东城,整租·民旺园1室1厅南,和平里,5300
低楼层（12层）,52㎡,2室1厅1卫,京艺天朗,北        ,通州,整租·京艺天朗2室1厅北,玉桥,3500
低楼层（20层）,35㎡,1室0厅1卫,天伦锦城,北        ,丰台,整租·天伦锦城1室0厅北,花乡,3400
中楼层（22层）,49㎡,1室0厅1卫,长城国际,西        ,通州,整租·长城国际1室0厅西,通州北苑,3500
高楼层（6层）,48㎡,1室0厅1卫,法华南里,西        ,东城,整租·法华南里1室0厅西,崇文门,5100
低楼层（6层）,88㎡,2室1厅1卫,建材城东一里,东 西        ,海淀,整租·建材城东一里2室1厅东/西,西三旗,5200
中楼层（8层）,42㎡,1房间1卫,怡和南路11号院,西        ,房山,整租·怡和南路11号院1房间西,长阳,2600
高楼层（15层）,69㎡,1室1厅1卫,柏林爱乐三期,南        ,朝阳,整租·柏林爱乐三期1室1厅南,常营,6000
中楼层（5层）,49㎡,2室1厅1卫,黄村西里,南 北        ,大兴,整租·黄村西里2室1厅南/北,黄村中,3500
低楼层（11层）,72㎡,1室1厅1卫,旗舰凯旋一期,南 北        ,通州,整租·旗舰凯旋一期1室1厅南/北,九棵树(家乐福),3600
低楼层（15层）,75㎡,2室1厅1卫,六里屯四区,南 北        ,海淀,整租·六里屯四区2室1厅南/北,海淀北部新区,6000
中楼层（6层）,71㎡,1室1厅1卫,紫南家园,南        ,朝阳,整租·紫南家园1室1厅南,欢乐谷,6000
高楼层（22层）,51㎡,1室1厅1卫,正阳小区,西南        ,丰台,整租·正阳小区1室1厅西南,北大地,4000
高楼层（29层）,44㎡,1室0厅1卫,10AM新坐标,南        ,朝阳,整租·10AM新坐标1室0厅南,方庄,5000
高楼层（5层）,86㎡,2室1厅2卫,温泉花园B区,南 北        ,昌平,整租·温泉花园B区2室1厅南/北,北七家,3200
高楼层（19层）,60㎡,1室0厅1卫,华发颐园,东        ,朝阳,整租·华发颐园1室0厅东,北苑,6000
高楼层（6层）,54㎡,2室1厅1卫,新桥南大街,南 北        ,门头沟,整租·新桥南大街2室1厅南/北,滨河西区,2600
低楼层（18层）,43㎡,1室0厅1卫,新街坊,东北        ,朝阳,整租·新街坊1室0厅东北,北苑,5300
中楼层（19层）,34㎡,1室0厅1卫,时代国际嘉园,北        ,朝阳,整租·时代国际嘉园1室0厅北,双井,5800
低楼层（27层）,58㎡,1室1厅1卫,百环家园,北        ,朝阳,整租·百环家园1室1厅北,双井,6100
中楼层（21层）,58㎡,1室1厅1卫,柏林爱乐二期,西北        ,朝阳,整租·柏林爱乐二期1室1厅西北,常营,5700
高楼层（6层）,64㎡,2室1厅1卫,汽修一厂宿舍,南 北        ,朝阳,整租·汽修一厂宿舍2室1厅南/北,奥林匹克公园,5900
高楼层（6层）,64㎡,2室1厅1卫,梨园东里,南 北        ,通州,整租·梨园东里2室1厅南/北,梨园,3300
低楼层（6层）,61㎡,2室1厅1卫,骚子营,南 北        ,海淀,整租·骚子营2室1厅南/北,颐和园,5800
中楼层（8层）,91㎡,2室1厅1卫,保利西山林语,南 北        ,海淀,整租·保利西山林语2室1厅南/北,海淀北部新区,5600
高楼层（6层）,72㎡,2室1厅1卫,新海北里,南 北        ,亦庄开发区,整租·新海北里2室1厅南/北,马驹桥,3400
中楼层（6层）,64㎡,2室1厅1卫,车站西街15号院,东 北        ,西城,整租·车站西街15号院2室1厅东/北,广安门,5800
高楼层（18层）,50㎡,1室1厅1卫,首开熙悦睿府书香,东        ,房山,整租·首开熙悦睿府书香1室1厅东,良乡,2600
低楼层（6层）,56㎡,1室1厅1卫,宝盛里,南 北        ,海淀,整租·宝盛里1室1厅南/北,清河,5300
中楼层（11层）,48㎡,1室1厅1卫,佳和宜园,南        ,顺义,整租·佳和宜园1室1厅南,马坡,2500
中楼层（8层）,96㎡,2室1厅1卫,保利西山林语,南 北        ,海淀,整租·保利西山林语2室1厅南/北,海淀北部新区,5200
中楼层（6层）,41㎡,1室1厅1卫,光明楼,南        ,东城,整租·光明楼1室1厅南,广渠门,6000
低楼层（6层）,65㎡,1室1厅1卫,富河园,东 西        ,通州,整租·富河园1室1厅东/西,北关,3000
中楼层（9层）,90㎡,2室1厅1卫,金隅康惠园,南 北        ,朝阳,整租·金隅康惠园2室1厅南/北,双桥,6000
低楼层（18层）,43㎡,1室0厅1卫,怡馨家园,南        ,顺义,整租·怡馨家园1室0厅南,顺义城,2700
中楼层（6层）,55㎡,2室1厅1卫,南苑北里四区,南        ,丰台,整租·南苑北里四区2室1厅南,和义,3700
高楼层（6层）,41㎡,1室1厅1卫,玉泉西路甲3号院,南 北        ,石景山,整租·玉泉西路甲3号院1室1厅南/北,玉泉路,4000
高楼层（6层）,57㎡,2室1厅1卫,南平里,南 北        ,朝阳,整租·南平里2室1厅南/北,首都机场,4300
高楼层（6层）,61㎡,2室1厅1卫,水关新村,南 北        ,昌平,整租·水关新村2室1厅南/北,东关,3100
低楼层（5层）,54㎡,2室1厅1卫,建新北区,南 北        ,顺义,整租·建新北区2室1厅南/北,顺义城,3200
高楼层（6层）,43㎡,1室1厅1卫,和平里七区,南 西        ,东城,整租·和平里七区1室1厅南/西,和平里,5700
中楼层（11层）,62㎡,1室0厅1卫,IN北京,西        ,通州,整租·IN北京1室0厅西,通州其它,2800
中楼层（6层）,91㎡,2室2厅1卫,吕营嘉园A区,南 北        ,朝阳,整租·吕营嘉园A区2室2厅南/北,十里河,5300
高楼层（7层）,62㎡,1室1厅1卫,安福苑,南 北        ,昌平,整租·安福苑1室1厅南/北,鼓楼大街,3500
高楼层（24层）,64㎡,1室1厅1卫,橙色年代,西        ,海淀,整租·橙色年代1室1厅西,六里桥,5500
高楼层（6层）,42㎡,1室0厅1卫,西山华府,北        ,海淀,整租·西山华府1室0厅北,马连洼,6000
低楼层（6层）,44㎡,1室1厅1卫,水关新村,南        ,昌平,整租·水关新村1室1厅南,东关,2900
高楼层（26层）,25㎡,1室0厅1卫,荣丰2008,北        ,西城,整租·荣丰20081室0厅北,广安门,3700
高楼层（6层）,23㎡,1室0厅1卫,灵境胡同,北        ,西城,整租·灵境胡同1室0厅北,西单,5500
中楼层（28层）,50㎡,1室0厅1卫,炫特嘉园一期,东        ,朝阳,整租·炫特嘉园一期1室0厅东,石佛营,5400
低楼层（6层）,58㎡,2室1厅1卫,永泰东里,南 北        ,海淀,整租·永泰东里2室1厅南/北,清河,5600
低楼层（16层）,59㎡,2室1厅1卫,南庭新苑北区,南        ,丰台,整租·南庭新苑北区2室1厅南,新宫,4600
高楼层（6层）,40㎡,1室1厅1卫,琉璃井东街,南        ,东城,整租·琉璃井东街1室1厅南,永定门,3800
低楼层（16层）,42㎡,1室1厅1卫,复兴路30号院,南        ,海淀,整租·复兴路30号院1室1厅南,五棵松,5000
高楼层（9层）,57㎡,2室1厅1卫,平原里小区,南 北        ,西城,整租·平原里小区2室1厅复式南/北,牛街,6000
中楼层（22层）,99㎡,2室1厅1卫,晓月苑五里,西南        ,丰台,整租·晓月苑五里2室1厅西南,卢沟桥,4500
低楼层（11层）,45㎡,2房间1卫,7克拉,西        ,丰台,整租·7克拉2房间西,马家堡,4300
高楼层（21层）,33㎡,1房间1卫,公园两栋,北        ,昌平,整租·公园两栋1房间北,天通苑,4000
中楼层（6层）,67㎡,1室1厅1卫,紫南家园,南        ,朝阳,整租·紫南家园1室1厅南,欢乐谷,5500
低楼层（1层）,16㎡,1室1厅1卫,弓弦胡同,南        ,东城,整租·弓弦胡同1室1厅南,东四,4500
低楼层（31层）,82㎡,2室1厅1卫,青荷里南山园,南        ,朝阳,整租·青荷里南山园2室1厅南,豆各庄,4300
高楼层（6层）,95㎡,2室2厅1卫,马坡花园一区,南 北        ,顺义,整租·马坡花园一区2室2厅南/北,马坡,3200
中楼层（6层）,55㎡,2室1厅1卫,枣林前街,东 北        ,西城,整租·枣林前街2室1厅东/北,牛街,5500
低楼层（11层）,68㎡,1室1厅1卫,西宏苑,南        ,丰台,整租·西宏苑1室1厅南,西红门,3700
高楼层（15层）,33㎡,1房间1卫,香悦四季,北        ,顺义,整租·香悦四季1房间北,马坡,1800
高楼层（6层）,51㎡,1室1厅1卫,玉桥北里,南 北        ,通州,整租·玉桥北里1室1厅南/北,乔庄,2600
高楼层（14层）,57㎡,1室1厅1卫,远洋一方润园6号院,南        ,朝阳,整租·远洋一方润园6号院1室1厅南,双桥,4200
高楼层（6层）,60㎡,2室1厅1卫,建新南区,南 北        ,顺义,整租·建新南区2室1厅南/北,顺义城,2800
中楼层（6层）,51㎡,1室1厅1卫,法源寺西里小区,南        ,西城,整租·法源寺西里小区1室1厅南,牛街,5500
中楼层（12层）,39㎡,1室0厅1卫,亦庄北岸,西        ,大兴,整租·亦庄北岸1室0厅西,旧宫,3300
中楼层（28层）,49㎡,1室0厅1卫,易构空间,北        ,朝阳,整租·易构空间1室0厅北,大望路,6000
低楼层（6层）,54㎡,2室1厅1卫,新华街一里,南 北        ,丰台,整租·新华街一里2室1厅南/北,看丹桥,4700
高楼层（6层）,58㎡,1室1厅1卫,绿波漫板,东北        ,海淀,整租·绿波漫板1室1厅东北,四季青,5400
高楼层（26层）,55㎡,1室0厅1卫,方恒东景,南        ,通州,整租·方恒东景1室0厅南,临河里,3300
中楼层（5层）,37㎡,1室1厅1卫,红土店南里,南        ,西城,整租·红土店南里1室1厅南,陶然亭,4800
中楼层（6层）,70㎡,2室1厅1卫,昌盛园四区,南 北        ,昌平,整租·昌盛园四区2室1厅南/北,东关,3200
高楼层（4层）,41㎡,1室0厅1卫,虎坊路小区,南        ,西城,整租·虎坊路小区1室0厅南,陶然亭,4800
中楼层（13层）,46㎡,1室1厅1卫,银地家园,东 北        ,丰台,整租·银地家园1室1厅东/北,花乡,4000
高楼层（6层）,56㎡,2室1厅1卫,科研楼,南        ,石景山,整租·科研楼2室1厅南,苹果园,3600
高楼层（6层）,80㎡,2室1厅1卫,马连道中里,南 北        ,西城,整租·马连道中里2室1厅南/北,马连道,5300
低楼层（18层）,47㎡,1室1厅1卫,潘家园东里,南        ,朝阳,整租·潘家园东里1室1厅南,潘家园,5000
低楼层（15层）,68㎡,2室1厅1卫,莱圳家园,西        ,海淀,整租·莱圳家园2室1厅西,清河,6000
低楼层（6层）,55㎡,2室1厅1卫,文化路社区,南 北        ,房山,整租·文化路社区2室1厅南/北,良乡,2300
高楼层（6层）,99㎡,2室2厅1卫,建明里小区,南 北        ,昌平,整租·建明里小区2室2厅南/北,西关环岛,4000
低楼层（6层）,54㎡,2室1厅1卫,丝绸厂宿舍,南 北        ,海淀,整租·丝绸厂宿舍2室1厅南/北,安宁庄,5800
高楼层（6层）,71㎡,2室1厅1卫,滨河东里,南 北        ,大兴,整租·滨河东里2室1厅南/北,枣园,3500
中楼层（23层）,39㎡,1室0厅1卫,富顿,南        ,朝阳,整租·富顿1室0厅南,劲松,5800
高楼层（6层）,58㎡,2室1厅1卫,万源南里,南        ,丰台,整租·万源南里2室1厅南,旧宫,4200
高楼层（5层）,61㎡,2室1厅1卫,西环里,南 北        ,昌平,整租·西环里2室1厅南/北,西关环岛,3000
高楼层（12层）,41㎡,1室0厅1卫,绿景苑,北        ,东城,整租·绿景苑1室0厅北,广渠门,5500
高楼层（6层）,66㎡,2室1厅1卫,双柳巷,南 北        ,朝阳,整租·双柳巷2室1厅南/北,双桥,4600
中楼层（9层）,56㎡,1室0厅1卫,上海沙龙,南        ,亦庄开发区,整租·上海沙龙1室0厅南,亦庄,3900
高楼层（6层）,53㎡,1室1厅1卫,毛纺厂南小区,南        ,海淀,整租·毛纺厂南小区1室1厅南,清河,4700
高楼层（6层）,55㎡,2室1厅1卫,德茂小区,南 北        ,大兴,整租·德茂小区2室1厅南/北,瀛海,3000
中楼层（6层）,63㎡,2室1厅1卫,建材城西一里,南 北        ,海淀,整租·建材城西一里2室1厅南/北,西三旗,5000
高楼层（6层）,110㎡,3室2厅2卫,红星北里,南 北        ,丰台,整租·红星北里3室2厅南/北,和义,4500
高楼层（23层）,47㎡,1室0厅1卫,设计师广场,东北        ,丰台,整租·设计师广场1室0厅东北,科技园区,4200
低楼层（6层）,89㎡,2室1厅1卫,一品嘉园,南 北        ,大兴,整租·一品嘉园2室1厅南/北,天宫院南,3150
低楼层（21层）,61㎡,1室1厅1卫,金隅景和园,南        ,朝阳,整租·金隅景和园1室1厅南,东坝,4500
中楼层（18层）,111㎡,3室2厅2卫,朝丰家园,南 北        ,朝阳,整租·朝丰家园3室2厅南/北,豆各庄,6000
中楼层（6层）,82㎡,2室1厅1卫,玉海园五里,东 西        ,海淀,整租·玉海园五里2室1厅东/西,玉泉路,6000
高楼层（11层）,68㎡,1室1厅1卫,永合馨苑,西        ,东城,整租·永合馨苑1室1厅西,永定门,6000
高楼层（6层）,61㎡,2室1厅1卫,永泰东里,南 北        ,海淀,整租·永泰东里2室1厅南/北,清河,5500
低楼层（6层）,47㎡,1室1厅1卫,世纪村东区,南 北        ,朝阳,整租·世纪村东区1室1厅南/北,亚运村小营,6100
高楼层（6层）,60㎡,1室1厅1卫,吕营嘉园C区,南 北        ,朝阳,整租·吕营嘉园C区1室1厅南/北,十里河,4300
高楼层（6层）,41㎡,1室1厅1卫,定安西里,南        ,丰台,整租·定安西里1室1厅南,木樨园,4200
高楼层（6层）,71㎡,2室1厅1卫,源泉苑,南 北        ,通州,整租·源泉苑2室1厅南/北,玉桥,3300
中楼层（6层）,44㎡,1室1厅1卫,和平里七区,南        ,东城,整租·和平里七区1室1厅南,和平里,5500
高楼层（6层）,53㎡,2室1厅1卫,东安街头条,南        ,丰台,整租·东安街头条2室1厅南,北大地,4300
高楼层（6层）,62㎡,2室1厅1卫,环山村,南 北        ,海淀,整租·环山村2室1厅南/北,海淀北部新区,3800
中楼层（24层）,33㎡,1室0厅1卫,玺萌丽苑,北        ,丰台,整租·玺萌丽苑1室0厅北,草桥,4200
中楼层（6层）,69㎡,2室1厅1卫,杨庄22号院,南 北        ,通州,整租·杨庄22号院2室1厅南/北,通州北苑,3600
低楼层（18层）,58㎡,1室1厅1卫,炫特嘉园一期,西        ,朝阳,整租·炫特嘉园一期1室1厅西,石佛营,5900
中楼层（14层）,34㎡,1房间1卫,茶贸国际中心,西        ,西城,整租·茶贸国际中心1房间西,马连道,3600
中楼层（18层）,47㎡,1室1厅1卫,垂杨柳北里,东        ,朝阳,整租·垂杨柳北里1室1厅东,劲松,5200
低楼层（9层）,58㎡,1室1厅1卫,金色漫香郡北区,南        ,大兴,整租·金色漫香郡北区1室1厅南,大兴其它,2500
高楼层（6层）,58㎡,2室1厅1卫,新村二里,南 北        ,丰台,整租·新村二里2室1厅南/北,玉泉营,4500
高楼层（6层）,41㎡,1室1厅1卫,长青园,南        ,东城,整租·长青园1室1厅南,左安门,4400
低楼层（6层）,73㎡,2室1厅1卫,革新里24号院,南 北        ,东城,整租·革新里24号院2室1厅南/北,永定门,5100
中楼层（24层）,47㎡,1室1厅1卫,太平桥东里,西南        ,丰台,整租·太平桥东里1室1厅西南,太平桥,4600
高楼层（6层）,60㎡,2室1厅1卫,松榆西里,南 北        ,朝阳,整租·松榆西里2室1厅南/北,潘家园,6000
中楼层（6层）,105㎡,2室2厅1卫,中体奥林匹克花园一期,南 北        ,丰台,整租·中体奥林匹克花园一期2室2厅南/北,丰台其它,4500
高楼层（14层）,97㎡,3室1厅1卫,龙湖滟澜新宸西区,南 北        ,昌平,整租·龙湖滟澜新宸西区3室1厅南/北,昌平其它,4000
高楼层（6层）,42㎡,1室1厅1卫,团结大院,南        ,西城,整租·团结大院1室1厅南,车公庄,5800
低楼层（22层）,45㎡,1室0厅1卫,西现代城,北        ,石景山,整租·西现代城1室0厅北,杨庄,4200
高楼层（5层）,52㎡,1室1厅1卫,育新花园,东        ,海淀,整租·育新花园1室1厅东,西三旗,4800
低楼层（6层）,70㎡,2室1厅1卫,源泉苑,南 北        ,通州,整租·源泉苑2室1厅南/北,玉桥,3300
低楼层（16层）,47㎡,1房间1卫,SOCO公社,西        ,海淀,整租·SOCO公社1房间西,西三旗,4500
中楼层（5层）,86㎡,2室2厅1卫,马坡花园一区,南 北        ,顺义,整租·马坡花园一区2室2厅南/北,马坡,3000
高楼层（6层）,45㎡,1室1厅1卫,玉海园五里,南        ,海淀,整租·玉海园五里1室1厅南,玉泉路,4600
中楼层（6层）,48㎡,1室1厅1卫,角门东里,南        ,丰台,整租·角门东里1室1厅南,角门,4200
高楼层（11层）,48㎡,1室0厅1卫,金蝉南里,南        ,朝阳,整租·金蝉南里1室0厅南,欢乐谷,5000
低楼层（6层）,50㎡,2室1厅1卫,拱辰大街27号楼,南 北        ,房山,整租·拱辰大街27号楼2室1厅南/北,良乡,2700
高楼层（6层）,91㎡,2室1厅1卫,西山峻景,南 北        ,石景山,整租·西山峻景2室1厅南/北,石景山其它,3300
高楼层（7层）,47㎡,1室1厅1卫,芍药居5号院,南        ,朝阳,整租·芍药居5号院1室1厅南,芍药居,5300
低楼层（34层）,93㎡,3室1厅1卫,广安﹒康馨家园,东 南 北        ,丰台,整租·广安﹒康馨家园3室1厅东/南/北,青塔,4500
高楼层（6层）,54㎡,2室1厅1卫,马连道中里,南 北        ,西城,整租·马连道中里2室1厅南/北,马连道,6000
高楼层（6层）,43㎡,1室1厅1卫,裕中西里,南        ,西城,整租·裕中西里1室1厅南,马甸,6000
低楼层（7层）,48㎡,1室1厅1卫,清华东路27号院,南 北        ,海淀,整租·清华东路27号院1室1厅南/北,学院路,5950
高楼层（28层）,60㎡,1室1厅1卫,燕保祈东家园二期,南        ,朝阳,整租·燕保祈东家园二期1室1厅南,垡头,4300
低楼层（21层）,89㎡,2室1厅1卫,米拉小镇,南 北        ,亦庄开发区,整租·米拉小镇2室1厅南/北,马驹桥,4000
高楼层（6层）,89㎡,2室1厅1卫,郝庄家园,南 北        ,昌平,整租·郝庄家园2室1厅南/北,西关环岛,2800
中楼层（6层）,77㎡,3室1厅1卫,五里店南里,南 北        ,丰台,整租·五里店南里3室1厅南/北,五里店,4500
中楼层（18层）,26㎡,1室0厅1卫,北街家园六区,西        ,昌平,整租·北街家园六区1室0厅西,沙河,2400
低楼层（17层）,36㎡,1室0厅1卫,西营房,北        ,东城,整租·西营房1室0厅北,安定门,5500
中楼层（27层）,60㎡,1室1厅1卫,泰福苑D2区,南        ,朝阳,整租·泰福苑D2区1室1厅南,定福庄,5000
高楼层（6层）,58㎡,2室1厅1卫,华威西里,南        ,朝阳,整租·华威西里2室1厅南,潘家园,6000
高楼层（6层）,87㎡,3室1厅1卫,惠泽家园,东 南 北        ,门头沟,整租·惠泽家园3室1厅东/南/北,门头沟其它,2500
高楼层（6层）,47㎡,1室1厅1卫,模式口北里,东 西        ,石景山,整租·模式口北里1室1厅东/西,苹果园,3100
高楼层（6层）,44㎡,1室1厅1卫,磨房南里,东 东南        ,朝阳,整租·磨房南里1室1厅东/东南,北工大,5000
中楼层（6层）,42㎡,1室1厅1卫,玉林里小区,南 北        ,丰台,整租·玉林里小区1室1厅南/北,右安门外,4000
高楼层（6层）,70㎡,2室1厅1卫,南辛路7号院,南 北        ,昌平,整租·南辛路7号院2室1厅南/北,南口,2200
中楼层（22层）,73㎡,2室1厅1卫,翠成馨园,东南        ,朝阳,整租·翠成馨园2室1厅东南,垡头,5400
中楼层（27层）,81㎡,2室1厅1卫,燕保祈东家园二期,南 北        ,朝阳,整租·燕保祈东家园二期2室1厅南/北,垡头,5000
中楼层（12层）,55㎡,1室1厅1卫,世纪东方城,北        ,朝阳,整租·世纪东方城1室1厅北,欢乐谷,5500
高楼层（6层）,48㎡,1室1厅1卫,垡头西里三区,南        ,朝阳,整租·垡头西里三区1室1厅南,垡头,4000
高楼层（6层）,59㎡,2室1厅1卫,三间房南里4号院,南 北        ,朝阳,整租·三间房南里4号院2室1厅南/北,定福庄,5000
高楼层（6层）,60㎡,2室1厅1卫,万源南里,南 北        ,丰台,整租·万源南里2室1厅南/北,旧宫,3700
低楼层（6层）,48㎡,1室1厅1卫,法华南里,西        ,东城,整租·法华南里1室1厅西,崇文门,5800
低楼层（14层）,48㎡,1室0厅1卫,强佑清河新城,西南        ,海淀,整租·强佑清河新城1室0厅西南,清河,5200
低楼层（20层）,54㎡,1室1厅1卫,牛街东里,南        ,西城,整租·牛街东里1室1厅南,牛街,5800
低楼层（7层）,73㎡,2室1厅1卫,双桥北内小区,南 北        ,朝阳,整租·双桥北内小区2室1厅南/北,双桥,4700
高楼层（6层）,91㎡,2室1厅1卫,昊天嘉园,南 北        ,房山,整租·昊天嘉园2室1厅南/北,良乡,2700
中楼层（18层）,47㎡,1室0厅1卫,弘善家园,南        ,朝阳,整租·弘善家园1室0厅南,潘家园,4700
低楼层（15层）,44㎡,1室1厅1卫,高巢,北        ,海淀,整租·高巢1室1厅北,清河,5000
高楼层（22层）,48㎡,1室1厅1卫,华威西里,西南        ,朝阳,整租·华威西里1室1厅西南,潘家园,5200
中楼层（6层）,55㎡,2室1厅1卫,南五里店45号院,南 北        ,丰台,整租·南五里店45号院2室1厅南/北,五里店,3800
低楼层（6层）,48㎡,1室1厅1卫,云景西里南区,南        ,通州,整租·云景西里南区1室1厅南,梨园,3100
高楼层（6层）,94㎡,2室1厅1卫,石园北区,南 北        ,顺义,整租·石园北区2室1厅南/北,顺义城,3100
中楼层（6层）,58㎡,2室1厅1卫,花家地南里,南 北        ,朝阳,整租·花家地南里2室1厅南/北,望京,5800
中楼层（6层）,72㎡,3室1厅1卫,红星养鸡场宿舍楼,南 北        ,大兴,整租·红星养鸡场宿舍楼3室1厅南/北,大兴其它,3000
高楼层（15层）,37㎡,1室0厅1卫,新永外文化用品商城,北        ,东城,整租·新永外文化用品商城1室0厅北,永定门,4200
高楼层（6层）,44㎡,1室1厅1卫,育慧里二区,南        ,朝阳,整租·育慧里二区1室1厅南,亚运村小营,5200
高楼层（5层）,62㎡,2室1厅1卫,温泉花园A区,南        ,昌平,整租·温泉花园A区2室1厅南,北七家,3500
高楼层（26层）,49㎡,1室1厅1卫,远见国际公寓,南        ,西城,整租·远见国际公寓1室1厅南,广安门,6000
中楼层（7层）,30㎡,1室0厅1卫,兴隆都市馨园,北        ,东城,整租·兴隆都市馨园1室0厅北,崇文门,5300
中楼层（6层）,94㎡,2室1厅1卫,福怡苑,南 北        ,朝阳,整租·福怡苑2室1厅南/北,定福庄,5700
中楼层（6层）,65㎡,1室1厅1卫,新潮嘉园二期,南 北        ,通州,整租·新潮嘉园二期1室1厅南/北,潞苑,3500
低楼层（12层）,55㎡,1室1厅1卫,兴城丽源,南        ,大兴,整租·兴城丽源1室1厅南,枣园,3400
高楼层（10层）,52㎡,1室1厅1卫,苹果派,北        ,朝阳,整租·苹果派1室1厅北,常营,5300
高楼层（4层）,61㎡,2室1厅1卫,毛纺厂西小区,南 北        ,海淀,整租·毛纺厂西小区2室1厅南/北,清河,5600
低楼层（23层）,41㎡,1室1厅1卫,建茗苑,南        ,丰台,整租·建茗苑1室1厅南,马连道,4500
高楼层（6层）,78㎡,2室1厅1卫,行宫园三里,南 北        ,房山,整租·行宫园三里2室1厅南/北,良乡,2200
高楼层（6层）,40㎡,1室1厅1卫,永定路85号院,南 北        ,海淀,整租·永定路85号院1室1厅南/北,五棵松,4300
高楼层（6层）,66㎡,2室1厅1卫,东会新村,南 北        ,朝阳,整租·东会新村2室1厅南/北,双桥,4800
高楼层（5层）,78㎡,2室1厅1卫,永安里小区,南 北        ,昌平,整租·永安里小区2室1厅南/北,鼓楼大街,3200
高楼层（4层）,70㎡,2室1厅1卫,大东路住宅楼,南 北        ,顺义,整租·大东路住宅楼2室1厅南/北,顺义城,3200
高楼层（6层）,63㎡,2室1厅1卫,石园西区,南 北        ,顺义,整租·石园西区2室1厅南/北,顺义城,2400
低楼层（34层）,81㎡,2室1厅1卫,广安﹒康馨家园,南 北        ,丰台,整租·广安﹒康馨家园2室1厅南/北,青塔,4700
中楼层（24层）,75㎡,2室1厅1卫,绿岛苑西区,东 南        ,朝阳,整租·绿岛苑西区2室1厅东/南,定福庄,5500
高楼层（6层）,43㎡,1室1厅1卫,南顶村,南        ,丰台,整租·南顶村1室1厅南,赵公口,4300
低楼层（18层）,45㎡,1室1厅1卫,松榆里,南        ,朝阳,整租·松榆里1室1厅南,潘家园,5600
高楼层（16层）,55㎡,1室1厅1卫,翠微中里,东        ,海淀,整租·翠微中里1室1厅东,公主坟,5800
高楼层（6层）,58㎡,2室1厅1卫,隆恩寺18号院,南 北        ,石景山,整租·隆恩寺18号院2室1厅南/北,石景山其它,3000
高楼层（26层）,44㎡,1室1厅1卫,10AM新坐标,北        ,朝阳,整租·10AM新坐标1室1厅北,方庄,5500
中楼层（7层）,63㎡,1室1厅1卫,清秀园北区,南        ,昌平,整租·清秀园北区1室1厅南,东关,3200
高楼层（7层）,75㎡,2室2厅1卫,樱花园一区,南 北        ,顺义,整租·樱花园一区2室2厅南/北,李桥,3000
低楼层（11层）,66㎡,2室1厅1卫,阳光星苑,南 北        ,丰台,整租·阳光星苑2室1厅南/北,西红门,4400
中楼层（20层）,45㎡,1室1厅1卫,裕中西里,南        ,西城,整租·裕中西里1室1厅南,马甸,5700
中楼层（3层）,50㎡,2室1厅1卫,北湖渠,东北        ,朝阳,整租·北湖渠2室1厅东北,亚运村小营,5800
低楼层（6层）,44㎡,1室1厅1卫,安慧里四区,南        ,朝阳,整租·安慧里四区1室1厅南,亚运村,5500
高楼层（6层）,42㎡,1室1厅1卫,西坝河南里,南        ,朝阳,整租·西坝河南里1室1厅南,西坝河,5000
低楼层（14层）,94㎡,2室1厅1卫,首座御园二区二期,南 西        ,大兴,整租·首座御园二区二期2室1厅南/西,大兴其它,3500
地下室（7层）,121㎡,1室1厅1卫,泰中花园,南 北        ,大兴,整租·泰中花园1室1厅南/北,大兴开发区,3500
高楼层（6层）,58㎡,2室1厅1卫,模式口南里,南        ,石景山,整租·模式口南里2室1厅南,苹果园,4200
高楼层（6层）,53㎡,1室1厅1卫,西幸福街,东        ,丰台,整租·西幸福街1室1厅东,北大地,4300
低楼层（3层）,55㎡,2室1厅1卫,香山煤厂街26号院,南 北        ,海淀,整租·香山煤厂街26号院2室1厅南/北,西山,4500
低楼层（12层）,64㎡,2室1厅1卫,东亚印象台湖,南        ,通州,整租·东亚印象台湖2室1厅南,通州其它,2900
高楼层（6层）,93㎡,2室2厅2卫,上潞园,南        ,通州,整租·上潞园2室2厅南,潞苑,3500
中楼层（7层）,73㎡,2室1厅1卫,北亚花园,南 北        ,昌平,整租·北亚花园2室1厅南/北,北七家,3400
高楼层（6层）,82㎡,2室1厅1卫,水屯家园,南 北        ,昌平,整租·水屯家园2室1厅南/北,西关环岛,3200
高楼层（12层）,39㎡,1室0厅1卫,亦庄北岸,西        ,大兴,整租·亦庄北岸1室0厅西,旧宫,3400
中楼层（25层）,48㎡,1室1厅1卫,北欧印象,北        ,西城,整租·北欧印象1室1厅北,马连道,5200
低楼层（25层）,66㎡,1室1厅1卫,北苑家园绣菊园南区,西南        ,朝阳,整租·北苑家园绣菊园南区1室1厅西南,北苑,5700
低楼层（6层）,88㎡,2室1厅1卫,温泉花园B区,南 北        ,昌平,整租·温泉花园B区2室1厅南/北,北七家,3500
高楼层（6层）,125㎡,3室2厅2卫,枫露花园,南 北        ,通州,整租·枫露花园3室2厅南/北,潞苑,3200
低楼层（4层）,80㎡,3室1厅1卫,西潞东里社区,南 北        ,房山,整租·西潞东里社区3室1厅南/北,良乡,2600
高楼层（6层）,75㎡,2室1厅1卫,卢沟桥南里甲八号院,南 北        ,丰台,整租·卢沟桥南里甲八号院2室1厅南/北,卢沟桥,3200
中楼层（12层）,46㎡,1室0厅1卫,柳岸方园,北        ,通州,整租·柳岸方园1室0厅北,玉桥,3100
高楼层（6层）,63㎡,2室1厅1卫,里仁街6号院,南 北        ,西城,整租·里仁街6号院2室1厅南/北,右安门内,6000
高楼层（5层）,59㎡,2室1厅1卫,丰西北里,南 北        ,丰台,整租·丰西北里2室1厅南/北,五里店,3200
高楼层（6层）,75㎡,2室1厅1卫,梨园东里,南 北        ,通州,整租·梨园东里2室1厅南/北,梨园,3500
高楼层（6层）,58㎡,2室1厅1卫,新村一里,南 北        ,丰台,整租·新村一里2室1厅南/北,玉泉营,4200
高楼层（6层）,40㎡,1室1厅1卫,田村路甲56号院,南        ,海淀,整租·田村路甲56号院1室1厅南,田村,4700
中楼层（5层）,50㎡,2室1厅1卫,小营东路5号院,南        ,海淀,整租·小营东路5号院2室1厅南,清河,5300
高楼层（6层）,44㎡,1室1厅1卫,半壁店六建宿舍,南 西 北        ,海淀,整租·半壁店六建宿舍1室1厅南/西/北,田村,4700
中楼层（9层）,51㎡,1室1厅1卫,景泰东里,西        ,东城,整租·景泰东里1室1厅西,蒲黄榆,5500
高楼层（6层）,40㎡,1室1厅1卫,会城门小区,南 北        ,海淀,整租·会城门小区1室1厅南/北,军博,6000
低楼层（6层）,75㎡,2室1厅1卫,悦秀园,东 西 北        ,海淀,整租·悦秀园2室1厅东/西/北,西三旗,5000
高楼层（5层）,47㎡,2室1厅1卫,菜园北里,东 西        ,西城,整租·菜园北里2室1厅东/西,牛街,6000
低楼层（20层）,44㎡,1室0厅1卫,美景东方,东        ,朝阳,整租·美景东方1室0厅东,华威桥,5700
高楼层（24层）,55㎡,1室1厅1卫,晓月新城,东        ,丰台,整租·晓月新城1室1厅东,卢沟桥,3400
高楼层（6层）,55㎡,2室1厅1卫,酒仙桥三街坊,南 北        ,朝阳,整租·酒仙桥三街坊2室1厅南/北,酒仙桥,5500
高楼层（16层）,64㎡,2室1厅1卫,甘露园南里,南 北        ,朝阳,整租·甘露园南里2室1厅南/北,甘露园,5800
高楼层（4层）,91㎡,2室1厅1卫,门头馨村,南 北        ,海淀,整租·门头馨村2室1厅南/北,西山,5300
高楼层（6层）,57㎡,1室1厅1卫,磨房南里,南        ,朝阳,整租·磨房南里1室1厅南,北工大,5200
中楼层（13层）,61㎡,1房间1卫,红石座,东        ,昌平,整租·红石座1房间东,东关,3000
低楼层（18层）,53㎡,1室1厅1卫,花园闸小区,东        ,朝阳,整租·花园闸小区1室1厅东,定福庄,4300
低楼层（17层）,80㎡,2室2厅1卫,远洋一方新悦二期,东 西        ,朝阳,整租·远洋一方新悦二期2室2厅东/西,双桥,5700
低楼层（18层）,79㎡,3室1厅1卫,金福家园,西 北        ,朝阳,整租·金福家园3室1厅西/北,定福庄,5500
高楼层（5层）,55㎡,2室1厅1卫,万寿路1号院,南        ,海淀,整租·万寿路1号院2室1厅南,万寿路,5800
高楼层（6层）,42㎡,1室1厅1卫,月季园东里,南        ,门头沟,整租·月季园东里1室1厅南,滨河西区,2200
中楼层（26层）,37㎡,1室0厅1卫,设计师广场,东南 西南        ,丰台,整租·设计师广场1室0厅东南/西南,科技园区,3800
低楼层（28层）,67㎡,1室1厅1卫,新华街三里,西        ,丰台,整租·新华街三里1室1厅西,看丹桥,4400
中楼层（26层）,45㎡,1室1厅1卫,10AM新坐标,南        ,朝阳,整租·10AM新坐标1室1厅南,方庄,5000
中楼层（5层）,56㎡,2室1厅1卫,广渠门外大街,南 北        ,朝阳,整租·广渠门外大街2室1厅南/北,劲松,6000
高楼层（5层）,51㎡,1室1厅1卫,志强北园,南        ,海淀,整租·志强北园1室1厅南,小西天,5800
高楼层（6层）,60㎡,1室1厅1卫,吕营嘉园A区,南 北        ,朝阳,整租·吕营嘉园A区1室1厅南/北,十里河,4500
高楼层（19层）,71㎡,2室1厅1卫,中信新城两限区,南 北        ,亦庄开发区,整租·中信新城两限区2室1厅南/北,亦庄开发区其它,3900
中楼层（21层）,48㎡,1室0厅1卫,大成国际,东        ,朝阳,整租·大成国际1室0厅东,百子湾,5500
高楼层（12层）,38㎡,1室0厅1卫,苹果派,北        ,朝阳,整租·苹果派1室0厅北,常营,4500
中楼层（6层）,47㎡,1室1厅1卫,妇联小区,南 北        ,朝阳,整租·妇联小区1室1厅南/北,定福庄,4200
高楼层（11层）,89㎡,2室1厅1卫,远洋一方林语苑,南 北        ,朝阳,整租·远洋一方林语苑2室1厅南/北,双桥,5800
低楼层（6层）,56㎡,1室1厅1卫,华严北里小区,东南 西南        ,朝阳,整租·华严北里小区1室1厅东南/西南,健翔桥,5000
高楼层（4层）,90㎡,2室1厅1卫,海子角西里,南 北        ,大兴,整租·海子角西里2室1厅南/北,观音寺,3500
高楼层（16层）,46㎡,1室1厅1卫,会城门小区,东        ,海淀,整租·会城门小区1室1厅东,军博,6000
高楼层（6层）,45㎡,1室1厅1卫,和平里三区,东        ,东城,整租·和平里三区1室1厅东,和平里,5600
高楼层（6层）,71㎡,2室1厅1卫,晓月苑二里,南        ,丰台,整租·晓月苑二里2室1厅南,卢沟桥,3300
高楼层（6层）,55㎡,2室1厅1卫,马连道北里,南 北        ,西城,整租·马连道北里2室1厅南/北,马连道,5800
高楼层（15层）,80㎡,2室1厅1卫,仁悦居9号院,南 北        ,顺义,整租·仁悦居9号院2室1厅南/北,顺义其它,3200
高楼层（15层）,77㎡,2室1厅1卫,朝丰家园,南 北        ,朝阳,整租·朝丰家园2室1厅南/北,豆各庄,4300
高楼层（6层）,66㎡,2室1厅1卫,八里庄西里,南 北        ,朝阳,整租·八里庄西里2室1厅南/北,四惠,5800
高楼层（6层）,56㎡,1室1厅1卫,中建一局北院,南 北        ,丰台,整租·中建一局北院1室1厅南/北,七里庄,4400
低楼层（7层）,82㎡,3室1厅1卫,建西苑南里,南 北        ,海淀,整租·建西苑南里3室1厅南/北,杨庄,5600
高楼层（6层）,55㎡,2室1厅1卫,新城东里,南 北        ,通州,整租·新城东里2室1厅南/北,万达,2900
中楼层（14层）,40㎡,1房间1卫,明天生活馆,西 北        ,朝阳,整租·明天生活馆1房间西/北,立水桥,3900
高楼层（6层）,70㎡,2室1厅1卫,轮胎厂宿舍,南 北        ,海淀,整租·轮胎厂宿舍2室1厅南/北,西三旗,5000
中楼层（18层）,49㎡,1室1厅1卫,富贵园二区,北        ,东城,整租·富贵园二区1室1厅北,东花市,6100
低楼层（20层）,26㎡,1室0厅1卫,荣丰2008,南        ,西城,整租·荣丰20081室0厅南,广安门,3800
高楼层（6层）,45㎡,1室0厅1卫,宜兰园三区,南        ,丰台,整租·宜兰园三区1室0厅南,花乡,3500
高楼层（6层）,72㎡,2室1厅1卫,北潞芳家园,南 北        ,房山,整租·北潞芳家园2室1厅南/北,良乡,2500
高楼层（5层）,36㎡,1室1厅1卫,红土店南里,南        ,西城,整租·红土店南里1室1厅南,陶然亭,5600
中楼层（16层）,39㎡,1室0厅1卫,华龙美树,北        ,朝阳,整租·华龙美树1室0厅北,管庄,4300
高楼层（7层）,87㎡,2室1厅1卫,新潮嘉园一期,南 北        ,通州,整租·新潮嘉园一期2室1厅南/北,潞苑,3300
高楼层（6层）,84㎡,2室1厅1卫,建西苑中里,南 北        ,海淀,整租·建西苑中里2室1厅南/北,杨庄,5700
中楼层（6层）,67㎡,2室1厅1卫,新海北里,南 北        ,亦庄开发区,整租·新海北里2室1厅南/北,马驹桥,3400
高楼层（6层）,88㎡,2室2厅1卫,锦华园,南 北        ,大兴,整租·锦华园2室2厅南/北,黄村火车站,3200
中楼层（12层）,55㎡,1室1厅1卫,当代城市家园,北        ,海淀,整租·当代城市家园1室1厅北,上地,5500
中楼层（7层）,59㎡,1室1厅1卫,安宁里南区,南 北        ,海淀,整租·安宁里南区1室1厅南/北,安宁庄,5300
低楼层（18层）,60㎡,1室1厅1卫,官悦欣园B区,南        ,朝阳,整租·官悦欣园B区1室1厅南,欢乐谷,5300
低楼层（19层）,81㎡,2室1厅1卫,东亚瑞晶苑,南 北        ,通州,整租·东亚瑞晶苑2室1厅南/北,马驹桥,3600
中楼层（6层）,67㎡,1室1厅1卫,新海北里,南 北        ,亦庄开发区,整租·新海北里1室1厅南/北,马驹桥,3200
中楼层（6层）,47㎡,1室1厅1卫,东四块玉北街,东        ,东城,整租·东四块玉北街1室1厅东,左安门,5000
中楼层（12层）,54㎡,1室1厅1卫,劲松四区,东 东北        ,朝阳,整租·劲松四区1室1厅东/东北,劲松,5300
高楼层（6层）,62㎡,2室1厅1卫,常秀家园,南 北        ,海淀,整租·常秀家园2室1厅南/北,西三旗,5300
中楼层（12层）,28㎡,1室1厅1卫,荣丰2008,北        ,西城,整租·荣丰20081室1厅北,广安门,4800
中楼层（6层）,42㎡,1室1厅1卫,育慧里二区,南        ,朝阳,整租·育慧里二区1室1厅南,亚运村小营,5000
中楼层（5层）,53㎡,1室1厅1卫,柏阳景园,南        ,朝阳,整租·柏阳景园1室1厅南,朝阳其它,3600
中楼层（4层）,90㎡,2室1厅1卫,水屯家园,南 北        ,昌平,整租·水屯家园2室1厅南/北,西关环岛,3800
低楼层（6层）,56㎡,2室1厅1卫,富强东里,东 西        ,大兴,整租·富强东里2室1厅东/西,黄村中,3500
低楼层（28层）,88㎡,2室1厅1卫,宏仁家园,东 东南        ,亦庄开发区,整租·宏仁家园2室1厅东/东南,马驹桥,3200
中楼层（9层）,46㎡,1室1厅1卫,小后仓,东        ,西城,整租·小后仓1室1厅东,官园,5500
低楼层（6层）,70㎡,2室1厅1卫,建东苑,南 北        ,朝阳,整租·建东苑2室1厅南/北,管庄,5000
中楼层（28层）,81㎡,2室1厅1卫,新马家园,南 北        ,顺义,整租·新马家园2室1厅南/北,马坡,3300
中楼层（15层）,111㎡,2室1厅2卫,朝阳旺角,南 北        ,朝阳,整租·朝阳旺角2室1厅南/北,双桥,6000
低楼层（6层）,60㎡,2室1厅1卫,富强东里,南 北        ,大兴,整租·富强东里2室1厅南/北,黄村中,3500
高楼层（16层）,42㎡,1室1厅1卫,复兴路30号院,南        ,海淀,整租·复兴路30号院1室1厅南,五棵松,5200
高楼层（6层）,49㎡,1室1厅1卫,东花市北里中区,西        ,东城,整租·东花市北里中区1室1厅西,东花市,5500
高楼层（6层）,42㎡,1室0厅1卫,西山华府,北        ,海淀,整租·西山华府1室0厅北,马连洼,5800
高楼层（6层）,58㎡,2室1厅1卫,湾子街社区,南 北        ,西城,整租·湾子街社区2室1厅南/北,太平桥,5800
高楼层（27层）,65㎡,1室1厅1卫,新马家园,南        ,顺义,整租·新马家园1室1厅南,马坡,2600
中楼层（28层）,49㎡,1室0厅1卫,易构空间,北        ,朝阳,整租·易构空间1室0厅北,大望路,5800
高楼层（5层）,36㎡,1室1厅1卫,德胜里一区,南        ,西城,整租·德胜里一区1室1厅南,德胜门,5500
高楼层（7层）,88㎡,2室1厅1卫,北亚花园,东 西        ,昌平,整租·北亚花园2室1厅东/西,北七家,3600
中楼层（6层）,50㎡,2室1厅1卫,永定门东街西里,南        ,东城,整租·永定门东街西里2室1厅南,天坛,5500
高楼层（5层）,51㎡,2室1厅1卫,南纬路2号院,东 西 北        ,西城,整租·南纬路2号院2室1厅东/西/北,陶然亭,5200
高楼层（22层）,77㎡,2室1厅1卫,东亚瑞晶苑,南 北        ,通州,整租·东亚瑞晶苑2室1厅南/北,马驹桥,2700
中楼层（18层）,75㎡,2室1厅1卫,京贸国际城东区,南 北        ,通州,整租·京贸国际城东区2室1厅南/北,武夷花园,3500
中楼层（12层）,49㎡,1室1厅1卫,翠微中里,北        ,海淀,整租·翠微中里1室1厅北,公主坟,6000
高楼层（6层）,63㎡,2室1厅1卫,滨河西里,南 北        ,大兴,整租·滨河西里2室1厅南/北,枣园,3400
高楼层（23层）,38㎡,1室0厅1卫,设计师广场,西南 西北        ,丰台,整租·设计师广场1室0厅西南/西北,科技园区,4300
低楼层（6层）,72㎡,2室1厅1卫,新海南里,南 北        ,亦庄开发区,整租·新海南里2室1厅南/北,马驹桥,3700
中楼层（6层）,55㎡,2室1厅1卫,建材城西二里,南 北        ,海淀,整租·建材城西二里2室1厅南/北,西三旗,5600
高楼层（6层）,42㎡,1室1厅1卫,会城门小区,东        ,海淀,整租·会城门小区1室1厅东,军博,5800
地下室（11层）,56㎡,2房间1卫,上林溪,南        ,海淀,整租·上林溪2房间南,安宁庄,5000
低楼层（6层）,58㎡,2室1厅1卫,学士居,南 北        ,朝阳,整租·学士居2室1厅南/北,奥林匹克公园,5800
低楼层（6层）,39㎡,1室1厅1卫,六建,南        ,海淀,整租·六建1室1厅南,五棵松,4800
低楼层（6层）,63㎡,1室2厅1卫,幸福艺居,南 北        ,通州,整租·幸福艺居1室2厅南/北,玉桥,3500
中楼层（6层）,60㎡,2室1厅1卫,车站北里,南 北        ,大兴,整租·车站北里2室1厅南/北,黄村火车站,3200
中楼层（12层）,46㎡,1室1厅1卫,柳岸方园,北        ,通州,整租·柳岸方园1室1厅北,玉桥,2950
高楼层（6层）,50㎡,2室1厅1卫,后南仓,南        ,通州,整租·后南仓2室1厅南,万达,3300
低楼层（6层）,65㎡,2室1厅1卫,石泉砖厂A10区,南 北        ,门头沟,整租·石泉砖厂A10区2室1厅南/北,门头沟其它,2400
中楼层（6层）,60㎡,2室1厅1卫,康静里,东 西        ,朝阳,整租·康静里2室1厅东/西,东坝,4400
高楼层（6层）,72㎡,2室1厅1卫,宝盛里,南        ,海淀,整租·宝盛里2室1厅南,清河,5300
高楼层（6层）,93㎡,3室1厅1卫,首地浣溪谷,南 北        ,大兴,整租·首地浣溪谷3室1厅南/北,大兴其它,3200
低楼层（18层）,63㎡,2室1厅1卫,潘家园东里,西南        ,朝阳,整租·潘家园东里2室1厅西南,潘家园,6000
低楼层（22层）,46㎡,1室1厅1卫,建材城东二里,南        ,海淀,整租·建材城东二里1室1厅南,西三旗,4300
低楼层（18层）,52㎡,1室1厅1卫,世华龙樾,南        ,海淀,整租·世华龙樾1室1厅南,清河,6000
高楼层（4层）,45㎡,1室1厅1卫,北大地二里,南        ,丰台,整租·北大地二里1室1厅南,北大地,3900
低楼层（21层）,64㎡,1室1厅1卫,富力桃园C区,东北        ,海淀,整租·富力桃园C区1室1厅东北,西三旗,5400
中楼层（21层）,79㎡,2室1厅1卫,新城乐居,南        ,通州,整租·新城乐居2室1厅南,临河里,3500
高楼层（6层）,72㎡,3室1厅1卫,五里店南里,东 西        ,丰台,整租·五里店南里3室1厅东/西,五里店,4300
高楼层（6层）,92㎡,2室1厅1卫,樱花园一区,东南        ,顺义,整租·樱花园一区2室1厅东南,李桥,3000
高楼层（6层）,42㎡,1室1厅1卫,展春园,南        ,海淀,整租·展春园1室1厅南,五道口,6000
低楼层（25层）,49㎡,1室1厅1卫,远见名苑,北        ,西城,整租·远见名苑1室1厅北,广安门,5300
低楼层（32层）,50㎡,1室0厅1卫,天畅园,东 北        ,朝阳,整租·天畅园1室0厅东/北,奥林匹克公园,5900
低楼层（14层）,92㎡,2室1厅1卫,合生世界村,南 北        ,通州,整租·合生世界村2室1厅南/北,马驹桥,3000
中楼层（24层）,52㎡,1室1厅1卫,南新园,南        ,朝阳,整租·南新园1室1厅南,华威桥,4800
低楼层（24层）,48㎡,1室1厅1卫,翠微北里,西南        ,海淀,整租·翠微北里1室1厅西南,公主坟,5900
高楼层（6层）,61㎡,3室1厅1卫,垡头西里二区,南 北        ,朝阳,整租·垡头西里二区3室1厅南/北,垡头,5200
高楼层（6层）,63㎡,2室1厅1卫,红莲北里,南        ,西城,整租·红莲北里2室1厅南,马连道,5200
中楼层（23层）,35㎡,1室0厅1卫,设计师广场,西北        ,丰台,整租·设计师广场1室0厅西北,科技园区,3800
低楼层（6层）,71㎡,2室1厅1卫,车站中里,南 北        ,大兴,整租·车站中里2室1厅南/北,黄村火车站,3000
地下室（6层）,82㎡,2室1厅1卫,巨山馨苑,南 北        ,海淀,整租·巨山馨苑2室1厅南/北,西山,5500
中楼层（6层）,101㎡,3室1厅1卫,温泉花园B区,南 北        ,昌平,整租·温泉花园B区3室1厅南/北,北七家,3600
中楼层（29层）,59㎡,1室1厅1卫,京贸国际城东区,南 北        ,通州,整租·京贸国际城东区1室1厅南/北,武夷花园,3600
低楼层（6层）,50㎡,1室1厅1卫,三槐家园东区,南        ,大兴,整租·三槐家园东区1室1厅南,瀛海,3000
中楼层（6层）,59㎡,2室1厅1卫,花园闸小区,南 北        ,朝阳,整租·花园闸小区2室1厅南/北,定福庄,5000
高楼层（6层）,62㎡,2室1厅1卫,金沟河5号院,南 北        ,海淀,整租·金沟河5号院2室1厅南/北,五棵松,6000
中楼层（28层）,47㎡,1室0厅1卫,弘善家园,南        ,朝阳,整租·弘善家园1室0厅南,潘家园,4600
高楼层（22层）,76㎡,2室1厅1卫,大方居,西南        ,通州,整租·大方居2室1厅西南,九棵树(家乐福),3500
高楼层（6层）,46㎡,1室1厅1卫,康静里,南        ,朝阳,整租·康静里1室1厅南,东坝,3500
中楼层（5层）,52㎡,2室1厅1卫,北大地四里,南 北        ,丰台,整租·北大地四里2室1厅南/北,北大地,4500
中楼层（3层）,43㎡,1室1厅1卫,光明西里,南        ,东城,整租·光明西里1室1厅南,广渠门,5000
低楼层（1层）,15㎡,1室1厅1卫,交道口北二条,南        ,东城,整租·交道口北二条1室1厅南,交道口,4000
低楼层（19层）,22㎡,1室1厅1卫,恒大未来城,北        ,大兴,整租·恒大未来城1室1厅北,大兴其它,3000
低楼层（13层）,60㎡,1室1厅1卫,仁和花园一区,南 西        ,顺义,整租·仁和花园一区1室1厅南/西,顺义城,3100
高楼层（6层）,46㎡,1室1厅1卫,安慧东里,西南        ,朝阳,整租·安慧东里1室1厅西南,亚运村小营,5700
低楼层（6层）,72㎡,2室1厅1卫,新海北里,南 北        ,亦庄开发区,整租·新海北里2室1厅南/北,马驹桥,3000
中楼层（24层）,46㎡,2室1厅1卫,半壁街南路1号院,南        ,海淀,整租·半壁街南路1号院2室1厅南,紫竹桥,5800
中楼层（28层）,51㎡,1室1厅1卫,顺兴街17号院,南        ,顺义,整租·顺兴街17号院1室1厅南,马坡,2500
中楼层（18层）,60㎡,1室1厅1卫,首开康乃馨城,南        ,大兴,整租·首开康乃馨城1室1厅复式南,枣园,3300
中楼层（18层）,42㎡,1室1厅1卫,光辉里小区,东南        ,朝阳,整租·光辉里小区1室1厅东南,CBD,6000
高楼层（5层）,58㎡,2室1厅1卫,南横西街94号院,南 北        ,西城,整租·南横西街94号院2室1厅南/北,牛街,5200
高楼层（6层）,81㎡,2室2厅1卫,万源南里,南 北        ,丰台,整租·万源南里2室2厅南/北,旧宫,4500
中楼层（14层）,43㎡,1房间1卫,加州水郡Q酷,南        ,房山,整租·加州水郡Q酷1房间南,长阳,1800
高楼层（5层）,55㎡,2室1厅1卫,黄村西里,南        ,大兴,整租·黄村西里2室1厅南,黄村中,3500
高楼层（6层）,60㎡,2室1厅1卫,西宏苑,南 北        ,丰台,整租·西宏苑2室1厅南/北,西红门,3500
高楼层（6层）,58㎡,2室1厅1卫,天堂河,东 西        ,大兴,整租·天堂河2室1厅东/西,大兴其它,3000
中楼层（6层）,36㎡,1室0厅0卫,长椿街,南        ,西城,整租·长椿街1室0厅南,长椿街,5300
中楼层（6层）,35㎡,1室1厅1卫,六里桥10号院,南        ,丰台,整租·六里桥10号院1室1厅南,六里桥,4200
低楼层（6层）,88㎡,3室1厅1卫,水关新村,东 西        ,昌平,整租·水关新村3室1厅东/西,东关,3600
高楼层（4层）,55㎡,3室1厅1卫,铁路局宿舍,南 北        ,昌平,整租·铁路局宿舍3室1厅南/北,鼓楼大街,3000
低楼层（21层）,74㎡,2室1厅1卫,中信新城两限区,南 北        ,亦庄开发区,整租·中信新城两限区2室1厅南/北,亦庄开发区其它,4000
低楼层（6层）,45㎡,1室1厅1卫,天宁寺西里,东        ,西城,整租·天宁寺西里1室1厅东,天宁寺,4500
高楼层（5层）,56㎡,2室1厅1卫,垂杨柳南里,南 北        ,朝阳,整租·垂杨柳南里2室1厅南/北,劲松,6000
高楼层（18层）,59㎡,1室1厅1卫,泰福苑D1区,南        ,朝阳,整租·泰福苑D1区1室1厅南,定福庄,5200
高楼层（6层）,94㎡,2室1厅2卫,皓月苑,南 北        ,通州,整租·皓月苑2室1厅复式南/北,万达,3600
地下室（6层）,80㎡,2室1厅1卫,巨山馨苑,南 北        ,海淀,整租·巨山馨苑2室1厅南/北,西山,6000
中楼层（11层）,65㎡,1室1厅1卫,柏林爱乐二期,东 西        ,朝阳,整租·柏林爱乐二期1室1厅东/西,常营,5900
中楼层（19层）,50㎡,1室0厅1卫,清秀园北区,西        ,昌平,整租·清秀园北区1室0厅西,东关,3200
高楼层（24层）,56㎡,2室1厅1卫,海悦公馆,东南        ,大兴,整租·海悦公馆2室1厅东南,观音寺,3500
中楼层（6层）,58㎡,2室1厅1卫,五里店南里,南 北        ,丰台,整租·五里店南里2室1厅南/北,五里店,3800
中楼层（11层）,36㎡,1室0厅1卫,蓝星花园,西        ,顺义,整租·蓝星花园1室0厅西,后沙峪,3100
低楼层（27层）,60㎡,1室1厅1卫,聚福苑,南        ,朝阳,整租·聚福苑1室1厅南,定福庄,5300
低楼层（10层）,53㎡,1室1厅1卫,苹果派,北        ,朝阳,整租·苹果派1室1厅北,常营,5400
中楼层（16层）,38㎡,1室1厅1卫,安贞西里,北        ,朝阳,整租·安贞西里1室1厅北,安贞,6000
高楼层（6层）,55㎡,2室1厅1卫,林校北里,东        ,大兴,整租·林校北里2室1厅东,黄村火车站,2600
高楼层（4层）,89㎡,2室1厅1卫,水屯家园,南 北        ,昌平,整租·水屯家园2室1厅南/北,西关环岛,3200
中楼层（6层）,88㎡,2室1厅1卫,自然佳境,南 北        ,通州,整租·自然佳境2室1厅南/北,潞苑,3500
低楼层（27层）,46㎡,1室0厅1卫,国美第一城3号院,南        ,朝阳,整租·国美第一城3号院1室0厅南,朝青,6000
低楼层（22层）,90㎡,2室1厅1卫,双合家园,南 北        ,朝阳,整租·双合家园2室1厅南/北,垡头,5800
中楼层（3层）,34㎡,1室1厅1卫,管庄东里,南        ,朝阳,整租·管庄东里1室1厅南,管庄,4400
高楼层（7层）,97㎡,3室1厅1卫,第二福利院家属楼,南 北        ,昌平,整租·第二福利院家属楼3室1厅南/北,北七家,4000
高楼层（6层）,64㎡,1室1厅1卫,双惠小区,南        ,朝阳,整租·双惠小区1室1厅南,双桥,5000
低楼层（13层）,38㎡,1房间1卫,东亚创展国际,东        ,顺义,整租·东亚创展国际1房间东,后沙峪,3100
低楼层（6层）,88㎡,3室1厅1卫,晓月苑一里,南 北        ,丰台,整租·晓月苑一里3室1厅南/北,卢沟桥,4600
高楼层（5层）,30㎡,1房间1卫,众美MIMO公馆,北        ,大兴,整租·众美MIMO公馆1房间北,天宫院南,1800
中楼层（6层）,44㎡,1室1厅1卫,司达小区,东南        ,丰台,整租·司达小区1室1厅东南,角门,4000
高楼层（21层）,81㎡,2室1厅1卫,革新南路2号院,西        ,东城,整租·革新南路2号院2室1厅西,永定门,6000
低楼层（6层）,63㎡,2室1厅1卫,金沟河2号院,东 西        ,海淀,整租·金沟河2号院2室1厅东/西,五棵松,5600
中楼层（21层）,51㎡,1室0厅1卫,云立方,东 南        ,大兴,整租·云立方1室0厅东/南,天宫院,3500
低楼层（26层）,66㎡,1室1厅1卫,北苑家园茉藜园,东南        ,朝阳,整租·北苑家园茉藜园1室1厅东南,北苑,6000
高楼层（4层）,40㎡,1室1厅1卫,万源西里,南 北        ,丰台,整租·万源西里1室1厅南/北,旧宫,3200
低楼层（26层）,48㎡,1室1厅1卫,设计师广场,西南 西北        ,丰台,整租·设计师广场1室1厅西南/西北,科技园区,3800
中楼层（6层）,62㎡,2室1厅1卫,小红庙,南 北        ,西城,整租·小红庙2室1厅南/北,广安门,5600
中楼层（6层）,57㎡,2室1厅1卫,双龙南里,南 北        ,朝阳,整租·双龙南里2室1厅南/北,华威桥,6000
中楼层（10层）,48㎡,1室1厅1卫,右安门外大街,东        ,丰台,整租·右安门外大街1室1厅东,右安门外,4500
低楼层（6层）,80㎡,2室1厅1卫,华龙小区,南 北        ,通州,整租·华龙小区2室1厅南/北,潞苑,3500
高楼层（5层）,51㎡,2室1厅1卫,陶瓷厂宿舍,南 西北        ,海淀,整租·陶瓷厂宿舍2室1厅南/西北,安宁庄,5100
高楼层（24层）,58㎡,1室0厅1卫,远见名苑,西        ,西城,整租·远见名苑1室0厅西,广安门,5600
中楼层（7层）,68㎡,2室1厅1卫,福怡苑,南        ,朝阳,整租·福怡苑2室1厅南,定福庄,5400
低楼层（22层）,94㎡,2室1厅1卫,中建雅颂居,西南        ,通州,整租·中建雅颂居2室1厅西南,潞苑,3300
高楼层（6层）,53㎡,2室1厅1卫,黄寺后身36号院,东        ,朝阳,整租·黄寺后身36号院2室1厅东,马甸,6000
中楼层（18层）,76㎡,3室1厅1卫,广渠门外大街,西北        ,朝阳,整租·广渠门外大街3室1厅西北,劲松,6000
低楼层（1层）,16㎡,1室0厅1卫,东棉花胡同,东        ,东城,整租·东棉花胡同1室0厅东,地安门,4000
高楼层（20层）,28㎡,1室1厅1卫,荣丰2008,北        ,西城,整租·荣丰20081室1厅复式北,广安门,5200
高楼层（6层）,66㎡,2室1厅1卫,富强东里,南 北        ,大兴,整租·富强东里2室1厅南/北,黄村中,3200
中楼层（12层）,54㎡,2室1厅1卫,永定路西里,南 北        ,海淀,整租·永定路西里2室1厅南/北,五棵松,5800
高楼层（6层）,69㎡,2室1厅1卫,观音寺北里,南 北        ,大兴,整租·观音寺北里2室1厅南/北,观音寺,3100
高楼层（15层）,67㎡,1室0厅1卫,阿曼寓所,西        ,朝阳,整租·阿曼寓所1室0厅西,高碑店,5500
高楼层（6层）,41㎡,1室1厅1卫,新外大街28号院,南        ,西城,整租·新外大街28号院1室1厅南,德胜门,5500
中楼层（26层）,44㎡,1室0厅1卫,财富东方,北        ,通州,整租·财富东方1室0厅北,北关,3300
中楼层（18层）,53㎡,1室1厅1卫,红莲中里,南        ,西城,整租·红莲中里1室1厅南,马连道,5100
中楼层（7层）,145㎡,2室1厅2卫,樱花园一区,南 北        ,顺义,整租·樱花园一区2室1厅南/北,李桥,3300
中楼层（14层）,78㎡,1室1厅1卫,首座御园二区二期,西        ,大兴,整租·首座御园二区二期1室1厅西,大兴其它,3200
高楼层（6层）,56㎡,1室1厅1卫,南十里居,南        ,朝阳,整租·南十里居1室1厅南,朝阳公园,5500
高楼层（5层）,39㎡,1室1厅1卫,地坛北里,南        ,东城,整租·地坛北里1室1厅南,和平里,5200
中楼层（18层）,63㎡,1室1厅1卫,南海家园四里,南        ,大兴,整租·南海家园四里1室1厅南,大兴其它,3200
低楼层（7层）,29㎡,1室0厅1卫,兴隆都市馨园,东        ,东城,整租·兴隆都市馨园1室0厅东,崇文门,5300
低楼层（6层）,60㎡,2室1厅1卫,双桥六号井,南 北        ,朝阳,整租·双桥六号井2室1厅南/北,双桥,4100
高楼层（14层）,50㎡,1室0厅1卫,点击未来,东南        ,朝阳,整租·点击未来1室0厅东南,望京,6000
高楼层（6层）,61㎡,2室1厅1卫,模式口西里,南        ,石景山,整租·模式口西里2室1厅南,苹果园,3300
中楼层（6层）,77㎡,2室1厅1卫,星瑞家园,南 北        ,大兴,整租·星瑞家园2室1厅南/北,黄村中,3500
中楼层（26层）,48㎡,1室0厅1卫,10AM新坐标,南        ,朝阳,整租·10AM新坐标1室0厅南,方庄,5400
高楼层（6层）,71㎡,2室1厅1卫,石园东区,南 北        ,顺义,整租·石园东区2室1厅南/北,顺义城,2900
高楼层（24层）,34㎡,1室0厅1卫,玺萌鹏苑,北        ,丰台,整租·玺萌鹏苑1室0厅北,草桥,4000
高楼层（6层）,116㎡,3室1厅1卫,沙顺路110号院,南 北        ,昌平,整租·沙顺路110号院3室1厅南/北,小汤山,3000
低楼层（6层）,59㎡,2室1厅1卫,安宁里,南 北        ,海淀,整租·安宁里2室1厅南/北,安宁庄,5000
中楼层（6层）,49㎡,1室1厅1卫,育新花园,南        ,海淀,整租·育新花园1室1厅南,西三旗,5000
低楼层（7层）,45㎡,1室0厅1卫,壹线国际,南        ,朝阳,整租·壹线国际1室0厅南,四惠,5700
中楼层（6层）,50㎡,2室1厅1卫,五里店南里,东 南 西        ,丰台,整租·五里店南里2室1厅东/南/西,五里店,3900
高楼层（5层）,56㎡,1室0厅1卫,观澳园,南        ,海淀,整租·观澳园1室0厅南,清河,5500
低楼层（22层）,63㎡,1室0厅1卫,强佑清河新城,北        ,海淀,整租·强佑清河新城1室0厅北,清河,5700
高楼层（3层）,60㎡,2室0厅1卫,西洼地,南 北        ,丰台,整租·西洼地2室0厅南/北,和义,3700
高楼层（10层）,55㎡,1室1厅1卫,芳怡园,东 西        ,海淀,整租·芳怡园1室1厅东/西,西北旺,4850
高楼层（18层）,67㎡,2室1厅1卫,锦苑C区,南        ,丰台,整租·锦苑C区2室1厅南,和义,4300
中楼层（21层）,47㎡,1室1厅1卫,晓月家园,南        ,丰台,整租·晓月家园1室1厅南,卢沟桥,3000
高楼层（6层）,60㎡,2室1厅1卫,水利局一处宿舍,南 北        ,海淀,整租·水利局一处宿舍2室1厅南/北,安宁庄,4900
高楼层（6层）,44㎡,1室1厅1卫,月坛北街25号院,南        ,西城,整租·月坛北街25号院1室1厅南,月坛,6000
低楼层（10层）,90㎡,2室2厅1卫,金色漫香郡北区,南 北        ,大兴,整租·金色漫香郡北区2室2厅南/北,大兴其它,2900
低楼层（5层）,56㎡,3室1厅1卫,劲松一区,东 南 北        ,朝阳,整租·劲松一区3室1厅东/南/北,劲松,6000
低楼层（9层）,67㎡,2室2厅2卫,中国铁建顺鑫汇,南 北        ,顺义,整租·中国铁建顺鑫汇2室2厅南/北,顺义其它,2800
低楼层（7层）,47㎡,1室1厅1卫,普惠北里,南        ,海淀,整租·普惠北里1室1厅南,公主坟,5400
高楼层（15层）,75㎡,2室1厅1卫,朝阳新城六区,南 北        ,朝阳,整租·朝阳新城六区2室1厅南/北,东坝,5300
低楼层（20层）,49㎡,1室0厅1卫,天伦锦城,北        ,丰台,整租·天伦锦城1室0厅北,花乡,3800
高楼层（6层）,67㎡,2室1厅1卫,东平里,南        ,朝阳,整租·东平里2室1厅南,首都机场,5500
低楼层（16层）,61㎡,2室1厅1卫,南庭新苑南区,东 南        ,丰台,整租·南庭新苑南区2室1厅东/南,新宫,4500
低楼层（7层）,101㎡,2室1厅1卫,樱花园一区,南 北        ,顺义,整租·樱花园一区2室1厅南/北,李桥,3100
低楼层（5层）,33㎡,1室1厅1卫,小经厂胡同,南        ,东城,整租·小经厂胡同1室1厅南,地安门,5300
高楼层（11层）,48㎡,1室1厅1卫,佳和宜园,南        ,顺义,整租·佳和宜园1室1厅南,马坡,2600
高楼层（6层）,76㎡,2室1厅1卫,花园巷小区,南 北        ,房山,整租·花园巷小区2室1厅南/北,良乡,2500
高楼层（5层）,47㎡,2室1厅1卫,东柳西里,南        ,朝阳,整租·东柳西里2室1厅南,双桥,4300
高楼层（6层）,43㎡,1室0厅1卫,西山华府,南        ,海淀,整租·西山华府1室0厅南,马连洼,6000
低楼层（6层）,68㎡,2室1厅1卫,西辛北区,南 北        ,顺义,整租·西辛北区2室1厅南/北,顺义城,3100
中楼层（18层）,30㎡,2房间1卫,盛今佳园,北        ,海淀,整租·盛今佳园2房间北,六里桥,5500
中楼层（6层）,92㎡,2室2厅1卫,水关新村,南 北        ,昌平,整租·水关新村2室2厅南/北,东关,3800
高楼层（6层）,59㎡,2室1厅1卫,蔚园,东 西        ,丰台,整租·蔚园2室1厅东/西,青塔,4600
中楼层（6层）,55㎡,2室1厅1卫,门矿西山楼,南 北        ,门头沟,整租·门矿西山楼2室1厅南/北,门头沟其它,1900
高楼层（4层）,73㎡,2室1厅1卫,西关北路,南 北        ,昌平,整租·西关北路2室1厅南/北,西关环岛,2500
高楼层（28层）,80㎡,2室1厅1卫,康泉小区,南        ,朝阳,整租·康泉小区2室1厅南,双桥,5500
高楼层（6层）,55㎡,2室1厅1卫,北京光学仪器厂家属院,南 北        ,通州,整租·北京光学仪器厂家属院2室1厅南/北,万达,2900
低楼层（21层）,77㎡,2室1厅1卫,金隅景和园,南 北        ,朝阳,整租·金隅景和园2室1厅南/北,东坝,5800
高楼层（13层）,36㎡,2房间2卫,百合湾,东        ,通州,整租·百合湾2房间跃层东,武夷花园,3600
中楼层（6层）,66㎡,1室1厅1卫,名佳花园三区,南        ,昌平,整租·名佳花园三区1室1厅南,北七家,3900
高楼层（6层）,62㎡,2室1厅1卫,绿岛苑东区,南        ,朝阳,整租·绿岛苑东区2室1厅南,定福庄,4500
中楼层（6层）,64㎡,1室1厅1卫,惠泽家园,南        ,门头沟,整租·惠泽家园1室1厅南,门头沟其它,2500
高楼层（6层）,56㎡,2室1厅1卫,双龙南里,南 北        ,朝阳,整租·双龙南里2室1厅南/北,华威桥,5600
高楼层（6层）,85㎡,2室2厅1卫,飞腾家园,南 北        ,丰台,整租·飞腾家园2室2厅南/北,新宫,4500
高楼层（6层）,57㎡,2室1厅1卫,车站西街13号院,东 西        ,西城,整租·车站西街13号院2室1厅东/西,广安门,5400
高楼层（15层）,72㎡,2室1厅1卫,朝阳旺角,东        ,朝阳,整租·朝阳旺角2室1厅东,双桥,5800
高楼层（6层）,57㎡,2室1厅1卫,甘露园南里,南 北        ,朝阳,整租·甘露园南里2室1厅南/北,甘露园,5600
高楼层（6层）,40㎡,1室0厅1卫,车站西街15号院,东        ,西城,整租·车站西街15号院1室0厅东,广安门,4600
中楼层（15层）,68㎡,1室1厅1卫,北京新天地二期,西北        ,朝阳,整租·北京新天地二期1室1厅西北,常营,5650
高楼层（26层）,24㎡,1室0厅1卫,荣丰2008,南        ,西城,整租·荣丰20081室0厅南,广安门,3700
